[TILE_MAP]
0	1	0	1	0	1	0	1	0	1	0	1	0	1	0	1	
2	3	2	3	2	3	2	3	2	3	2	3	2	3	2	3	
0	1	4	5	5	5	5	5	5	5	5	5	5	6	0	1	
2	3	4	5	5	5	5	5	5	5	5	5	5	7	2	3	
0	1	8	9	10	9	10	9	10	9	10	9	10	11	0	1	
2	3	9	10	9	10	9	10	9	10	9	10	9	12	2	3	
0	1	8	9	10	9	10	9	10	9	10	9	10	11	0	1	
13	14	15	10	9	10	9	10	9	10	9	10	9	12	2	3	
13	16	17	9	10	9	10	9	10	9	10	9	10	11	0	1	
2	3	18	19	9	10	9	10	9	10	9	10	9	12	2	3	
0	1	18	20	10	9	10	9	10	9	10	9	10	11	0	1	
2	3	9	10	9	10	9	10	9	10	9	10	9	12	2	3	
0	1	8	9	10	9	10	9	10	9	10	9	10	11	0	1	
2	3	9	10	9	10	9	10	9	10	9	10	9	12	2	3	
0	1	0	1	0	1	0	21	22	23	0	1	0	1	0	1	
2	3	2	3	2	3	2	21	22	24	2	3	2	3	2	3
[OBJECTS]
#OHSOPHIA
20	100.0	64	20