[TILE_MAP]
0	1	1	2	0	1	1	2	0	1	1	2	0	1	1	2	0	1	1	2	0	1	1	2	0	1	1	2	0	1	1	2	3	
2	4	5	0	2	4	5	0	2	4	5	0	2	4	5	0	2	4	5	0	2	4	5	0	2	4	5	0	2	4	2	0	3	
0	1	1	2	0	1	1	6	0	1	1	6	0	1	1	6	0	1	1	6	0	1	1	6	0	1	1	2	0	1	5	0	3	
2	4	7	8	8	8	8	9	10	11	12	9	10	11	12	9	10	11	12	9	10	11	12	9	7	8	8	8	8	8	13	14	3	
0	1	15	16	16	16	16	17	18	19	20	17	18	19	20	17	18	19	20	17	18	19	20	17	15	16	21	21	21	21	1	2	3	
2	4	15	16	16	16	16	17	15	16	16	17	15	16	16	17	15	16	16	17	15	16	16	17	15	16	5	0	2	4	5	0	3	
0	1	15	16	22	23	16	17	15	16	16	17	15	16	16	17	15	16	16	17	15	16	16	17	15	16	1	2	24	25	1	2	3	
2	4	15	26	27	28	16	17	15	16	16	17	15	16	16	17	15	16	16	17	15	16	16	17	15	16	8	8	29	30	5	0	3	
0	1	31	32	33	34	16	17	15	16	16	17	15	16	21	35	31	21	16	17	15	16	16	17	15	16	21	21	36	37	1	2	3	
2	4	5	32	2	4	38	17	15	16	16	17	15	16	5	0	2	4	38	17	15	16	16	17	15	16	5	0	2	4	5	0	3	
0	1	1	32	0	1	15	17	15	16	16	17	15	16	1	6	0	1	15	17	15	16	16	17	15	16	1	6	0	1	1	2	3	
2	4	7	32	7	8	39	17	15	16	16	17	15	16	8	9	7	8	39	17	15	40	16	17	15	40	8	9	10	11	5	0	3	
0	1	15	32	15	16	16	17	15	16	16	17	15	16	16	17	15	16	21	41	31	42	21	41	31	42	16	17	18	19	1	2	3	
2	4	15	32	15	16	16	17	15	16	16	17	15	16	16	17	15	16	5	0	2	4	5	0	2	4	38	17	15	16	5	0	3	
0	1	15	32	15	16	16	17	15	16	16	17	15	16	16	17	15	16	1	6	0	1	1	6	0	1	15	17	15	16	1	2	3	
2	4	15	32	15	16	16	17	15	16	16	17	15	16	16	17	15	40	8	9	10	11	12	9	7	8	39	17	15	16	5	0	3	
0	1	15	32	15	16	16	17	15	16	16	17	15	16	21	41	31	42	16	17	18	19	20	17	15	16	16	17	15	16	1	2	3	
2	4	15	32	15	16	16	17	15	16	16	17	15	16	5	0	2	4	38	17	15	16	16	17	15	16	16	17	15	16	5	0	3	
0	1	15	32	15	16	16	17	15	16	16	17	15	16	1	2	0	1	15	17	15	16	16	17	15	16	16	17	15	16	1	2	3	
2	4	15	32	15	40	16	17	15	40	16	17	15	40	8	8	8	8	39	17	15	40	16	17	15	16	16	17	15	40	5	0	3	
0	1	31	43	31	42	44	45	46	47	21	41	31	42	21	21	21	21	21	41	31	42	16	17	15	16	21	41	31	42	1	2	3	
2	4	5	0	2	4	48	49	49	48	5	0	2	4	5	0	2	4	5	0	2	4	38	17	15	16	5	0	2	4	5	0	3	
0	1	1	6	0	1	1	6	0	1	1	6	0	1	1	6	0	1	1	6	0	1	15	17	15	16	1	6	0	1	1	2	3	
2	4	7	9	10	11	12	9	10	11	12	9	10	11	12	9	10	11	12	9	7	8	39	17	15	40	8	9	10	11	5	0	3	
0	1	15	17	18	19	20	17	18	19	20	17	18	19	20	17	18	19	20	17	15	16	21	41	31	42	16	17	18	19	1	2	3	
2	4	15	17	15	16	16	17	15	16	16	17	15	16	16	17	15	16	16	17	15	16	5	0	2	4	38	17	15	16	5	0	3	
0	1	15	17	15	16	16	17	15	16	16	17	15	16	16	17	15	16	16	17	15	16	1	2	0	1	15	17	15	16	1	50	3	
2	4	15	17	15	40	16	17	15	16	16	17	15	40	16	17	15	40	16	17	15	40	8	8	8	8	39	17	15	40	5	51	3	
0	1	31	41	31	42	16	17	15	16	21	41	31	42	44	45	46	47	21	41	31	42	21	21	21	21	21	41	31	42	1	50	3	
2	4	5	0	2	4	38	17	15	16	5	0	2	4	48	49	49	48	5	0	2	4	5	0	2	4	5	0	2	4	5	51	3	
0	1	1	6	0	1	15	17	15	16	1	6	0	1	1	6	0	1	1	6	0	1	1	6	0	1	1	6	0	1	1	2	52	
2	4	7	9	7	8	39	17	15	40	8	9	10	11	12	9	10	11	12	9	10	11	12	9	10	11	12	9	10	11	5	0	53	
0	1	15	17	15	16	21	41	31	42	16	17	18	19	20	17	18	19	20	17	18	19	20	17	18	19	20	17	18	19	1	2	52	
2	4	15	17	15	16	5	0	2	4	38	17	15	16	16	17	15	16	16	17	15	16	16	17	15	16	16	17	15	16	5	0	53	
0	1	15	17	15	16	1	2	0	1	15	17	15	16	16	17	15	16	16	17	15	16	16	17	15	16	16	17	15	16	1	2	52	
2	4	15	17	15	40	8	8	8	8	39	17	15	40	16	17	15	40	16	17	15	16	16	17	15	16	16	17	15	40	5	0	53	
0	1	31	41	31	42	21	21	21	21	21	41	31	42	21	41	31	42	16	17	15	16	16	17	15	16	21	41	31	42	1	2	52	
2	4	5	0	2	4	5	0	2	4	5	0	2	4	5	0	2	4	38	17	15	16	16	17	15	16	5	0	2	4	5	0	53	
0	1	1	6	0	1	1	6	0	1	1	6	0	1	1	6	0	1	15	17	15	16	16	17	15	16	1	2	24	25	1	2	52	
2	4	7	9	10	11	12	9	10	11	12	9	10	11	12	9	7	8	39	17	15	40	16	17	15	40	8	8	29	30	5	0	53	
0	1	15	17	18	19	20	17	18	19	20	17	18	19	20	17	15	16	21	41	31	42	21	41	31	42	21	21	36	37	1	2	52	
2	4	15	17	15	16	16	17	15	16	16	17	15	16	16	17	15	16	5	0	2	4	5	0	2	4	5	0	2	4	5	0	53	
0	1	15	17	15	16	16	17	15	16	16	17	15	16	16	17	15	16	1	6	0	1	1	6	0	1	1	6	0	1	1	2	52	
2	4	15	17	15	16	16	17	15	40	16	17	15	40	16	17	15	40	8	9	10	11	12	9	10	11	12	9	10	11	5	0	53	
0	1	15	17	15	16	21	41	31	42	44	45	46	47	21	41	31	42	16	17	18	19	20	17	18	19	20	17	18	19	1	2	52	
2	4	15	17	15	16	5	0	2	4	48	49	49	48	5	0	2	4	38	17	15	16	16	17	15	16	16	17	15	16	5	0	54	
0	1	15	17	15	16	1	6	0	1	1	6	0	1	1	6	0	1	15	17	15	16	16	17	15	16	16	17	15	16	1	50	55	
2	4	15	17	15	40	8	9	10	11	12	9	10	11	12	9	7	8	39	17	15	16	16	17	15	16	16	17	15	16	5	56	55	
0	1	31	41	31	42	16	17	18	19	20	17	18	19	20	17	15	16	16	17	15	16	16	17	15	16	16	17	15	16	1	2	55	
2	4	5	0	2	4	38	17	15	16	16	17	15	16	16	17	15	16	16	17	15	16	16	17	15	16	16	17	15	16	5	0	55	
0	1	1	2	0	1	15	17	15	16	16	17	15	16	16	17	15	16	16	17	15	16	16	17	15	16	16	17	15	16	1	2	55	
2	4	7	8	8	8	39	17	15	40	16	17	15	40	16	17	15	40	16	17	15	40	16	17	15	40	16	17	15	16	5	0	55	
0	1	31	21	21	21	21	41	31	42	21	41	31	42	21	41	31	42	44	45	46	47	21	41	31	42	16	17	15	16	1	2	55	
2	4	5	0	2	4	5	0	2	4	5	0	2	4	5	0	2	4	48	49	49	48	5	0	2	4	38	17	15	16	5	0	55	
0	1	57	58	0	1	1	6	0	1	59	60	0	1	1	6	0	1	1	6	0	1	1	6	0	1	15	17	15	16	1	2	55	
2	4	61	62	7	8	8	9	10	11	63	63	10	11	12	9	10	11	12	9	10	11	12	9	7	8	39	17	15	40	5	0	55	
0	1	64	65	31	21	16	17	18	19	63	63	18	19	20	17	18	19	20	17	18	19	20	17	15	16	21	41	31	42	1	2	55	
2	4	5	0	2	4	38	17	15	16	63	63	15	16	16	17	15	16	16	17	15	16	16	17	15	16	5	0	2	4	5	0	55	
0	1	1	6	0	1	66	17	15	16	63	63	15	16	16	17	15	16	16	17	15	16	16	17	15	16	1	2	0	1	1	2	55	
2	4	7	9	7	8	16	17	15	40	67	67	15	40	16	17	15	40	16	17	15	16	16	17	15	40	8	8	8	8	5	51	55	
0	1	15	17	15	16	21	41	31	42	68	68	31	42	21	41	31	42	16	17	15	16	21	41	31	42	21	21	21	21	1	50	55	
2	4	15	17	15	16	5	0	2	4	5	0	2	4	5	0	2	4	38	17	15	16	5	0	2	4	5	0	2	4	5	51	55	
69	70	71	17	71	72	1	73	0	1	74	75	0	1	1	6	0	1	15	17	15	16	1	6	0	1	1	6	0	1	1	76	55	
77	78	79	17	79	80	81	82	83	84	85	85	86	11	12	9	7	8	39	17	15	40	8	9	10	11	12	9	10	11	5	0	87	
88	89	90	91	90	92	93	94	95	96	85	85	97	19	20	17	15	16	21	41	31	42	16	17	18	19	20	17	18	19	1	2	98	
77	78	99	88	77	78	99	88	77	78	85	85	79	16	16	17	15	16	5	0	2	4	38	17	15	16	16	17	15	16	5	0	53	
88	89	100	101	102	100	100	103	102	100	85	85	79	16	16	17	15	16	1	2	0	1	15	17	15	16	16	17	15	16	1	2	53	
104	105	106	107	107	107	107	82	108	109	110	110	111	40	16	17	15	40	8	8	8	8	39	17	15	16	16	17	15	40	5	0	53	
0	1	31	21	21	21	112	113	18	19	68	68	31	42	21	41	31	42	21	21	21	21	16	17	15	16	21	41	31	42	1	2	53	
2	4	5	0	2	4	63	63	15	16	5	0	2	4	5	0	2	4	5	0	2	4	38	17	15	16	5	0	2	4	5	0	53	
0	1	57	58	0	1	63	63	15	16	1	6	0	1	1	6	0	1	1	6	0	1	15	17	15	16	1	2	24	25	1	2	53	
2	4	61	62	7	8	67	67	15	40	8	9	10	11	12	9	10	11	12	9	7	8	39	17	15	40	8	8	29	30	5	0	53	
0	1	64	65	31	21	68	68	31	42	16	17	18	19	20	17	18	19	20	17	15	16	21	41	31	42	21	21	36	37	1	2	53	
2	4	5	0	2	4	5	0	2	4	38	17	15	16	16	17	15	16	16	17	15	16	5	0	2	4	5	0	2	4	5	0	53	
0	1	1	2	0	1	1	2	0	1	15	17	15	16	16	17	15	16	16	17	15	16	1	2	0	1	1	6	0	1	1	2	53	
2	4	7	8	8	8	8	8	8	8	39	17	15	40	16	17	15	40	16	17	15	40	8	8	8	8	8	9	10	11	5	0	53	
0	1	31	21	21	21	21	21	21	21	21	41	31	42	44	45	46	47	21	41	31	42	21	21	21	21	16	17	18	19	1	2	53	
2	4	5	0	2	4	5	0	2	4	5	0	2	4	48	49	49	48	5	0	2	4	5	0	2	4	38	17	15	16	5	0	53	
0	1	1	6	0	1	1	6	0	1	1	6	0	1	1	6	0	1	1	6	0	1	1	6	0	1	15	17	15	16	1	2	53	
2	4	7	9	10	11	12	9	10	11	12	9	10	11	12	9	10	11	12	9	10	11	12	9	7	8	39	17	15	40	5	0	53	
0	1	15	17	18	19	20	17	18	19	20	17	18	19	20	17	18	19	20	17	18	19	20	17	15	16	21	41	31	42	1	2	53	
2	4	15	17	15	16	16	17	15	16	16	17	15	16	16	17	15	16	16	17	15	16	16	17	15	16	5	0	2	4	5	0	53	
0	1	15	17	15	16	16	17	15	16	16	17	15	16	16	17	15	16	16	17	15	16	16	17	15	16	1	6	0	1	1	2	53	
2	4	15	17	15	16	16	17	15	40	16	17	15	40	16	17	15	40	16	17	15	40	16	17	15	40	8	9	10	11	5	0	53	
0	1	15	17	15	16	21	41	31	42	44	45	46	47	21	41	31	42	21	41	31	42	21	41	31	42	16	17	18	19	1	2	53	
2	4	15	17	15	16	5	0	2	4	48	49	49	48	5	0	2	4	5	0	2	4	5	0	2	4	38	17	15	16	5	0	53	
0	1	15	17	15	16	1	6	0	1	1	6	0	1	1	6	0	1	59	60	0	1	1	6	0	1	15	17	15	16	1	2	53	
2	4	15	17	15	40	8	9	10	11	12	9	10	11	12	9	10	11	63	63	10	11	12	9	7	8	39	17	15	40	5	0	53	
0	1	31	41	31	42	16	17	18	19	20	17	18	19	20	17	18	19	63	63	18	19	20	17	15	16	21	41	31	42	1	2	53	
2	4	5	0	2	4	38	17	15	16	16	17	15	16	16	17	15	16	63	63	15	16	16	17	15	16	5	0	2	4	5	0	53	
0	1	1	2	0	1	15	17	15	16	16	17	15	16	16	17	15	16	63	63	15	16	16	17	15	16	1	2	0	1	1	2	53	
2	4	7	8	8	8	39	17	15	40	16	17	15	40	16	17	15	16	63	63	15	40	16	17	15	40	8	8	8	8	5	0	53	
0	1	31	21	21	21	21	41	31	42	21	41	31	42	16	17	15	16	114	114	31	42	21	41	31	42	21	21	21	21	1	2	53	
2	4	5	0	2	4	5	0	2	4	5	0	2	4	38	17	15	16	5	0	2	4	5	0	2	4	5	0	2	4	5	0	53	
0	1	1	6	0	1	1	6	0	1	59	60	0	1	15	17	15	16	1	6	0	1	1	6	0	1	1	6	0	1	1	2	53	
2	4	7	9	10	11	12	9	10	11	63	63	7	8	39	17	15	40	8	9	10	11	12	9	10	11	12	9	10	11	5	115	53	
0	1	15	17	18	19	20	17	18	19	63	63	15	16	21	41	31	42	16	17	18	19	20	17	18	19	20	17	18	19	1	116	53	
2	4	15	17	15	16	16	17	15	16	63	63	15	16	5	0	2	4	38	17	15	16	16	17	15	16	16	17	15	16	5	0	53	
0	1	15	17	15	16	16	17	15	16	63	63	15	16	1	2	0	1	15	17	15	16	16	17	15	16	16	17	15	16	1	2	53	
2	4	15	17	15	40	16	17	15	16	67	67	15	40	8	8	8	8	39	17	15	40	16	17	15	40	16	17	15	16	5	0	53	
0	1	31	41	31	42	16	17	15	16	68	68	31	42	21	21	21	21	21	41	31	42	21	41	31	42	16	17	15	16	1	2	53	
2	4	5	0	2	4	38	17	15	16	5	0	2	4	5	0	2	4	5	0	2	4	5	0	2	4	38	17	15	16	5	0	53	
0	1	57	58	0	1	15	17	15	16	1	6	0	1	1	6	0	1	1	6	0	1	1	6	0	1	15	17	15	16	1	2	53	
2	4	61	62	7	8	39	17	15	40	8	9	10	11	12	9	10	11	12	9	10	11	12	9	7	8	39	17	15	40	5	0	53	
0	1	64	65	31	21	21	41	31	42	16	17	18	19	20	17	18	19	20	17	18	19	20	17	15	16	21	41	31	42	1	2	53	
2	4	5	0	2	4	5	0	2	4	38	17	15	16	16	17	15	16	16	17	15	16	16	17	15	16	5	0	2	4	5	0	53	
0	1	1	2	0	1	1	2	0	1	15	17	15	16	16	17	15	16	16	17	15	16	16	17	15	16	1	2	0	1	1	2	53	
2	4	7	8	8	8	8	8	8	8	39	17	15	40	16	17	15	40	16	17	15	40	16	17	15	40	8	8	8	8	5	0	53	
0	1	31	21	21	21	21	21	21	21	21	41	31	42	21	41	31	42	21	41	31	42	21	41	31	42	21	21	21	21	1	2	53	
117	118	117	118	117	118	117	118	117	118	117	118	117	118	117	118	117	118	117	118	117	118	117	118	117	118	117	118	117	118	117	118	119
[OBJECTS]
# BRICK 
# --- fist broken bridge section
1	0	32	2
1	16	32	2
1	32	32	2
1	48	32	2
1	64	32	2
1	80	32	2
1	96	32	2
1	112	32	2
1	128	32	2
1	144	32	2
1	160	32	2
1	176	32	2
1	192	32	2
1	208	32	2
1	224	32	2
1	240	32	2
1	256	32	2
1	272	32	2
1	288	32	2
1	304	32	2
1	320	32	2
1	336	32	2
1	352	32	2
1	368	32	2
1	384	32	2
1	400	32	2
1	416	32	2
1	432	32	2
1	448	32	2
1	464	32	2
1	480	32	2
1	496	32	2
1	0	48	2
1	16	48	2
1	480	48	2
1	496	48	2
1	0	64	2
1	16	64	2
1	480	64	2
1	496	64	2
1	0	80	2
1	16	80	2
1	416	80	2
1	432	80	2
1	448	80	2
1	464	80	2
1	480	80	2
1	496	80	2
1	0	96	2
1	16	96	2
1	416	96	2
1	432	96	2
1	448	96	2
1	464	96	2
1	480	96	2
1	496	96	2
1	0	112	2
1	16	112	2
1	464	112	2
1	480	112	2
1	496	112	2
1	0	128	2
1	16	128	2
1	464	128	2
1	480	128	2
1	496	128	2
1	0	144	2
1	16	144	2
1	32	144	2
1	64	144	2
1	80	144	2
1	224	144	2
1	240	144	2
1	256	144	2
1	272	144	2
1	416	144	2
1	432	144	2
1	448	144	2
1	464	144	2
1	480	144	2
1	496	144	2
1	0	160	2
1	16	160	2
1	32	160	2
1	64	160	2
1	80	160	2
1	224	160	2
1	240	160	2
1	256	160	2
1	272	160	2
1	416	160	2
1	432	160	2
1	448	160	2
1	464	160	2
1	480	160	2
1	496	160	2
1	0	176	2
1	16	176	2
1	480	176	2
1	496	176	2
1	0	192	2
1	16	192	2
1	480	192	2
1	496	192	2
1	0	208	2
1	16	208	2
1	288	208	2
1	304	208	2
1	320	208	2
1	336	208	2
1	352	208	2
1	368	208	2
1	384	208	2
1	400	208	2
1	480	208	2
1	496	208	2
1	0	224	2
1	16	224	2
1	288	224	2
1	304	224	2
1	320	224	2
1	336	224	2
1	352	224	2
1	368	224	2
1	384	224	2
1	400	224	2
1	480	224	2
1	496	224	2
1	0	240	2
1	16	240	2
1	480	240	2
1	496	240	2
1	0	256	2
1	16	256	2
1	480	256	2
1	496	256	2
1	0	272	2
1	16	272	2
1	224	272	2
1	240	272	2
1	256	272	2
1	272	272	2
1	480	272	2
1	496	272	2
1	0	288	2
1	16	288	2
1	224	288	2
1	240	288	2
1	256	288	2
1	272	288	2
1	480	288	2
1	496	288	2
1	0	304	2
1	16	304	2
1	480	304	2
1	496	304	2
1	0	320	2
1	16	320	2
1	480	320	2
1	496	320	2
1	0	336	2
1	16	336	2
1	32	336	2
1	48	336	2
1	64	336	2
1	80	336	2
1	160	336	2
1	176	336	2
1	192	336	2
1	208	336	2
1	224	336	2
1	240	336	2
1	256	336	2
1	272	336	2
1	288	336	2
1	304	336	2
1	320	336	2
1	336	336	2
1	416	336	2
1	432	336	2
1	448	336	2
1	464	336	2
1	480	336	2
1	496	336	2
1	0	352	2
1	16	352	2
1	32	352	2
1	48	352	2
1	64	352	2
1	80	352	2
1	96	352	2
1	112	352	2
1	128	352	2
1	144	352	2
1	160	352	2
1	176	352	2
1	192	352	2
1	208	352	2
1	224	352	2
1	240	352	2
1	256	352	2
1	272	352	2
1	288	352	2
1	304	352	2
1	320	352	2
1	336	352	2
1	416	352	2
1	432	352	2
1	448	352	2
1	464	352	2
1	480	352	2
1	496	352	2
1	0	368	2
1	16	368	2
1	480	368	2
1	496	368	2
1	0	384	2
1	16	384	2
1	480	384	2
1	496	384	2
1	0	400	2
1	16	400	2
1	352	400	2
1	368	400	2
1	384	400	2
1	400	400	2
1	480	400	2
1	496	400	2
1	0	416	2
1	16	416	2
1	352	416	2
1	368	416	2
1	384	416	2
1	400	416	2
1	480	416	2
1	496	416	2
1	0	432	2
1	16	432	2
1	480	432	2
1	496	432	2
1	0	448	2
1	16	448	2
1	480	448	2
1	496	448	2
1	0	464	2
1	16	464	2
1	32	464	2
1	48	464	2
1	64	464	2
1	80	464	2
1	160	464	2
1	176	464	2
1	192	464	2
1	208	464	2
1	288	464	2
1	304	464	2
1	320	464	2
1	336	464	2
1	352	464	2
1	368	464	2
1	384	464	2
1	400	464	2
1	416	464	2
1	432	464	2
1	448	464	2
1	464	464	2
1	480	464	2
1	496	464	2
1	0	480	2
1	16	480	2
1	32	480	2
1	48	480	2
1	64	480	2
1	80	480	2
1	160	480	2
1	176	480	2
1	192	480	2
1	208	480	2
1	288	480	2
1	304	480	2
1	320	480	2
1	336	480	2
1	352	480	2
1	368	480	2
1	384	480	2
1	400	480	2
1	416	480	2
1	432	480	2
1	448	480	2
1	464	480	2
1	480	480	2
1	496	480	2
1	0	496	2
1	16	496	2
1	480	496	2
1	496	496	2
1	0	512	2
1	16	512	2
1	480	512	2
1	496	512	2
1	0	528	2
1	16	528	2
1	96	528	2
1	112	528	2
1	128	528	2
1	144	528	2
1	480	528	2
1	496	528	2
1	0	544	2
1	16	544	2
1	96	544	2
1	112	544	2
1	128	544	2
1	144	544	2
1	480	544	2
1	496	544	2
1	0	560	2
1	16	560	2
1	480	560	2
1	496	560	2
1	0	576	2
1	16	576	2
1	480	576	2
1	496	576	2
1	0	592	2
1	16	592	2
1	32	592	2
1	48	592	2
1	64	592	2
1	80	592	2
1	96	592	2
1	112	592	2
1	128	592	2
1	144	592	2
1	160	592	2
1	176	592	2
1	192	592	2
1	208	592	2
1	224	592	2
1	240	592	2
1	256	592	2
1	272	592	2
1	416	592	2
1	432	592	2
1	448	592	2
1	464	592	2
1	480	592	2
1	496	592	2
1	0	608	2
1	16	608	2
1	32	608	2
1	48	608	2
1	64	608	2
1	80	608	2
1	96	608	2
1	112	608	2
1	128	608	2
1	144	608	2
1	160	608	2
1	176	608	2
1	192	608	2
1	208	608	2
1	224	608	2
1	240	608	2
1	256	608	2
1	272	608	2
1	416	608	2
1	432	608	2
1	448	608	2
1	464	608	2
1	480	608	2
1	496	608	2
1	0	624	2
1	16	624	2
1	464	624	2
1	480	624	2
1	496	624	2
1	0	640	2
1	16	640	2
1	464	640	2
1	480	640	2
1	496	640	2
1	0	656	2
1	16	656	2
1	304	656	2
1	320	656	2
1	336	656	2
1	352	656	2
1	368	656	2
1	384	656	2
1	400	656	2
1	416	656	2
1	432	656	2
1	448	656	2
1	464	656	2
1	480	656	2
1	496	656	2
1	0	672	2
1	16	672	2
1	304	672	2
1	320	672	2
1	336	672	2
1	352	672	2
1	368	672	2
1	384	672	2
1	400	672	2
1	416	672	2
1	432	672	2
1	448	672	2
1	464	672	2
1	480	672	2
1	496	672	2
1	0	688	2
1	16	688	2
1	480	688	2
1	496	688	2
1	0	704	2
1	16	704	2
1	480	704	2
1	496	704	2
1	0	720	2
1	16	720	2
1	96	720	2
1	112	720	2
1	128	720	2
1	144	720	2
1	224	720	2
1	240	720	2
1	256	720	2
1	272	720	2
1	480	720	2
1	496	720	2
1	0	736	2
1	16	736	2
1	96	736	2
1	112	736	2
1	128	736	2
1	144	736	2
1	160	736	2
1	176	736	2
1	192	736	2
1	208	736	2
1	224	736	2
1	240	736	2
1	256	736	2
1	272	736	2
1	480	736	2
1	496	736	2
1	0	752	2
1	16	752	2
1	480	752	2
1	496	752	2
1	0	768	2
1	16	768	2
1	480	768	2
1	496	768	2
1	0	784	2
1	16	784	2
1	32	784	2
1	48	784	2
1	64	784	2
1	80	784	2
1	480	784	2
1	496	784	2
1	0	800	2
1	16	800	2
1	32	800	2
1	48	800	2
1	64	800	2
1	80	800	2
1	480	800	2
1	496	800	2
1	0	816	2
1	16	816	2
1	480	816	2
1	496	816	2
1	0	832	2
1	16	832	2
1	480	832	2
1	496	832	2
1	0	848	2
1	16	848	2
1	32	848	2
1	48	848	2
1	64	848	2
1	80	848	2
1	96	848	2
1	112	848	2
1	128	848	2
1	144	848	2
1	160	848	2
1	176	848	2
1	192	848	2
1	208	848	2
1	224	848	2
1	240	848	2
1	256	848	2
1	272	848	2
1	352	848	2
1	368	848	2
1	384	848	2
1	400	848	2
1	480	848	2
1	496	848	2
1	0	864	2
1	16	864	2
1	32	864	2
1	48	864	2
1	64	864	2
1	80	864	2
1	96	864	2
1	112	864	2
1	128	864	2
1	144	864	2
1	160	864	2
1	176	864	2
1	192	864	2
1	208	864	2
1	224	864	2
1	240	864	2
1	256	864	2
1	272	864	2
1	288	864	2
1	304	864	2
1	320	864	2
1	336	864	2
1	352	864	2
1	368	864	2
1	384	864	2
1	400	864	2
1	480	864	2
1	496	864	2
1	0	880	2
1	16	880	2
1	32	880	2
1	160	880	2
1	176	880	2
1	480	880	2
1	496	880	2
1	0	896	2
1	16	896	2
1	32	896	2
1	160	896	2
1	176	896	2
1	480	896	2
1	496	896	2
1	0	912	2
1	16	912	2
1	32	912	2
1	48	912	2
1	64	912	2
1	80	912	2
1	160	912	2
1	176	912	2
1	416	912	2
1	432	912	2
1	448	912	2
1	464	912	2
1	480	912	2
1	496	912	2
1	0	928	2
1	16	928	2
1	32	928	2
1	48	928	2
1	64	928	2
1	80	928	2
1	160	928	2
1	172	928	2
1	416	928	2
1	432	928	2
1	448	928	2
1	464	928	2
1	480	928	2
1	496	928	2
1	0	944	2
1	16	944	2
1	160	944	2
1	172	944	2
1	480	944	2
1	496	944	2
1	0	960	2
1	16	960	2
1	160	960	2
1	172	960	2
1	480	960	2
1	496	960	2
1	0	976	2
1	16	976	2
1	96	976	2
1	112	976	2
1	128	976	2
1	144	976	2
1	160	976	2
1	176	976	2
1	192	976	2
1	208	976	2
1	224	976	2
1	240	976	2
1	256	976	2
1	272	976	2
1	352	976	2
1	368	976	2
1	384	976	2
1	400	976	2
1	416	976	2
1	432	976	2
1	448	976	2
1	464	976	2
1	480	976	2
1	496	976	2
1	0	992	2
1	16	992	2
1	96	992	2
1	112	992	2
1	128	992	2
1	144	992	2
1	160	992	2
1	176	992	2
1	192	992	2
1	208	992	2
1	224	992	2
1	240	992	2
1	256	992	2
1	272	992	2
1	352	992	2
1	368	992	2
1	384	992	2
1	400	992	2
1	416	992	2
1	432	992	2
1	448	992	2
1	464	992	2
1	480	992	2
1	496	992	2
1	0	1008	2
1	16	1008	2
1	160	1008	2
1	172	1008	2
1	480	1008	2
1	496	1008	2
1	0	1024	2
1	16	1024	2
1	160	1024	2
1	172	1024	2
1	480	1024	2
1	496	1024	2
1	0	1040	2
1	16	1040	2
1	32	1040	2
1	48	1040	2
1	64	1040	2
1	80	1040	2
1	96	1040	2
1	112	1040	2
1	128	1040	2
1	144	1040	2
1	160	1040	2
1	176	1040	2
1	288	1040	2
1	304	1040	2
1	320	1040	2
1	336	1040	2
1	480	1040	2
1	496	1040	2
1	0	1056	2
1	16	1056	2
1	32	1056	2
1	48	1056	2
1	64	1056	2
1	80	1056	2
1	96	1056	2
1	112	1056	2
1	128	1056	2
1	144	1056	2
1	160	1056	2
1	176	1056	2
1	288	1056	2
1	304	1056	2
1	320	1056	2
1	336	1056	2
1	480	1056	2
1	496	1056	2
1	0	1072	2
1	16	1072	2
1	160	1072	2
1	172	1072	2
1	480	1072	2
1	496	1072	2
1	0	1088	2
1	16	1088	2
1	160	1088	2
1	172	1088	2
1	480	1088	2
1	496	1088	2
1	0	1104	2
1	16	1104	2
1	32	1104	2
1	48	1104	2
1	64	1104	2
1	80	1104	2
1	96	1104	2
1	112	1104	2
1	160	1104	2
1	176	1104	2
1	192	1104	2
1	208	1104	2
1	224	1104	2
1	240	1104	2
1	256	1104	2
1	272	1104	2
1	288	1104	2
1	304	1104	2
1	320	1104	2
1	336	1104	2
1	416	1104	2
1	432	1104	2
1	448	1104	2
1	464	1104	2
1	480	1104	2
1	496	1104	2
1	0	1120	2
1	16	1120	2
1	32	1120	2
1	48	1120	2
1	64	1120	2
1	80	1120	2
1	96	1120	2
1	112	1120	2
1	160	1120	2
1	176	1120	2
1	192	1120	2
1	208	1120	2
1	224	1120	2
1	240	1120	2
1	256	1120	2
1	272	1120	2
1	288	1120	2
1	304	1120	2
1	320	1120	2
1	336	1120	2
1	416	1120	2
1	432	1120	2
1	448	1120	2
1	464	1120	2
1	480	1120	2
1	496	1120	2
1	0	1136	2
1	16	1136	2
1	32	1136	2
1	96	1136	2
1	112	1136	2
1	464	1136	2
1	480	1136	2
1	496	1136	2
1	0	1152	2
1	16	1152	2
1	32	1152	2
1	96	1152	2
1	112	1152	2
1	464	1152	2
1	480	1152	2
1	496	1152	2
1	0	1168	2
1	16	1168	2
1	32	1168	2
1	48	1168	2
1	64	1168	2
1	80	1168	2
1	96	1168	2
1	112	1168	2
1	128	1168	2
1	144	1168	2
1	352	1168	2
1	368	1168	2
1	384	1168	2
1	400	1168	2
1	416	1168	2
1	432	1168	2
1	448	1168	2
1	464	1168	2
1	480	1168	2
1	496	1168	2
1	0	1184	2
1	16	1184	2
1	32	1184	2
1	48	1184	2
1	64	1184	2
1	80	1184	2
1	96	1184	2
1	112	1184	2
1	128	1184	2
1	144	1184	2
1	352	1184	2
1	368	1184	2
1	384	1184	2
1	400	1184	2
1	416	1184	2
1	432	1184	2
1	448	1184	2
1	464	1184	2
1	480	1184	2
1	496	1184	2
1	0	1200	2
1	16	1200	2
1	480	1200	2
1	496	1200	2
1	0	1216	2
1	16	1216	2
1	480	1216	2
1	496	1216	2
1	0	1232	2
1	16	1232	2
1	32	1232	2
1	48	1232	2
1	64	1232	2
1	80	1232	2
1	96	1232	2
1	112	1232	2
1	128	1232	2
1	144	1232	2
1	160	1232	2
1	176	1232	2
1	192	1232	2
1	208	1232	2
1	288	1232	2
1	304	1232	2
1	320	1232	2
1	336	1232	2
1	352	1232	2
1	368	1232	2
1	384	1232	2
1	400	1232	2
1	480	1232	2
1	496	1232	2
1	0	1248	2
1	16	1248	2
1	32	1248	2
1	48	1248	2
1	64	1248	2
1	80	1248	2
1	96	1248	2
1	112	1248	2
1	128	1248	2
1	144	1248	2
1	160	1248	2
1	176	1248	2
1	192	1248	2
1	208	1248	2
1	288	1248	2
1	304	1248	2
1	320	1248	2
1	336	1248	2
1	352	1248	2
1	368	1248	2
1	384	1248	2
1	400	1248	2
1	480	1248	2
1	496	1248	2
1	0	1264	2
1	16	1264	2
1	480	1264	2
1	496	1264	2
1	0	1280	2
1	16	1280	2
1	480	1280	2
1	496	1280	2
1	0	1296	2
1	16	1296	2
1	416	1296	2
1	432	1296	2
1	448	1296	2
1	464	1296	2
1	480	1296	2
1	496	1296	2
1	0	1312	2
1	16	1312	2
1	416	1312	2
1	432	1312	2
1	448	1312	2
1	464	1312	2
1	480	1312	2
1	496	1312	2
1	0	1328	2
1	16	1328	2
1	480	1328	2
1	496	1328	2
1	0	1344	2
1	16	1344	2
1	480	1344	2
1	496	1344	2
1	0	1360	2
1	16	1360	2
1	96	1360	2
1	112	1360	2
1	128	1360	2
1	144	1360	2
1	224	1360	2
1	240	1360	2
1	256	1360	2
1	272	1360	2
1	288	1360	2
1	304	1360	2
1	320	1360	2
1	336	1360	2
1	352	1360	2
1	368	1360	2
1	384	1360	2
1	400	1360	2
1	480	1360	2
1	496	1360	2
1	0	1376	2
1	16	1376	2
1	96	1376	2
1	112	1376	2
1	128	1376	2
1	144	1376	2
1	160	1376	2
1	176	1376	2
1	192	1376	2
1	208	1376	2
1	224	1376	2
1	240	1376	2
1	256	1376	2
1	272	1376	2
1	288	1376	2
1	304	1376	2
1	320	1376	2
1	336	1376	2
1	352	1376	2
1	368	1376	2
1	384	1376	2
1	400	1376	2
1	480	1376	2
1	496	1376	2
1	0	1392	2
1	16	1392	2
1	288	1392	2
1	304	1392	2
1	480	1392	2
1	496	1392	2
1	0	1408	2
1	16	1408	2
1	288	1408	2
1	304	1408	2
1	480	1408	2
1	496	1408	2
1	0	1424	2
1	16	1424	2
1	32	1424	2
1	48	1424	2
1	64	1424	2
1	80	1424	2
1	288	1424	2
1	304	1424	2
1	416	1424	2
1	432	1424	2
1	448	1424	2
1	464	1424	2
1	480	1424	2
1	496	1424	2
1	0	1440	2
1	16	1440	2
1	32	1440	2
1	48	1440	2
1	64	1440	2
1	80	1440	2
1	288	1440	2
1	304	1440	2
1	416	1440	2
1	432	1440	2
1	448	1440	2
1	464	1440	2
1	480	1440	2
1	496	1440	2
1	0	1456	2
1	16	1456	2
1	288	1456	2
1	304	1456	2
1	480	1456	2
1	496	1456	2
1	0	1472	2
1	16	1472	2
1	288	1472	2
1	304	1472	2
1	480	1472	2
1	496	1472	2
1	0	1488	2
1	16	1488	2
1	32	1488	2
1	48	1488	2
1	64	1488	2
1	80	1488	2
1	96	1488	2
1	112	1488	2
1	128	1488	2
1	144	1488	2
1	160	1488	2
1	176	1488	2
1	192	1488	2
1	208	1488	2
1	288	1488	2
1	304	1488	2
1	320	1488	2
1	336	1488	2
1	352	1488	2
1	368	1488	2
1	384	1488	2
1	400	1488	2
1	416	1488	2
1	432	1488	2
1	448	1488	2
1	464	1488	2
1	480	1488	2
1	496	1488	2
1	0	1504	2
1	16	1504	2
1	32	1504	2
1	48	1504	2
1	64	1504	2
1	80	1504	2
1	96	1504	2
1	112	1504	2
1	128	1504	2
1	144	1504	2
1	160	1504	2
1	176	1504	2
1	192	1504	2
1	208	1504	2
1	288	1504	2
1	304	1504	2
1	320	1504	2
1	336	1504	2
1	352	1504	2
1	368	1504	2
1	384	1504	2
1	400	1504	2
1	416	1504	2
1	432	1504	2
1	448	1504	2
1	464	1504	2
1	480	1504	2
1	496	1504	2
1	0	1520	2
1	16	1520	2
1	160	1520	2
1	176	1520	2
1	480	1520	2
1	496	1520	2
1	0	1536	2
1	16	1536	2
1	160	1536	2
1	176	1536	2
1	480	1536	2
1	496	1536	2
1	0	1552	2
1	16	1552	2
1	160	1552	2
1	176	1552	2
1	224	1552	2
1	240	1552	2
1	256	1552	2
1	272	1552	2
1	480	1552	2
1	496	1552	2
1	0	1568	2
1	16	1568	2
1	160	1568	2
1	176	1568	2
1	224	1568	2
1	240	1568	2
1	256	1568	2
1	272	1568	2
1	480	1568	2
1	496	1568	2
1	288	656	2
1	288	672	2
1	224	1248	2
1	240	1248	2
1	256	1248	2
1	272	1248	2
1	0	1584	2
1	16	1584	2
1	160	1584	2
1	176	1584	2
1	480	1584	2
1	496	1584	2
1	0	1600	2
1	16	1600	2
1	160	1600	2
1	176	1600	2
1	480	1600	2
1	496	1600	2
1	0	1616	2
1	16	1616	2
1	32	1616	2
1	48	1616	2
1	64	1616	2
1	80	1616	2
1	160	1616	2
1	176	1616	2
1	192	1616	2
1	208	1616	2
1	224	1616	2
1	240	1616	2
1	256	1616	2
1	272	1616	2
1	288	1616	2
1	304	1616	2
1	320	1616	2
1	336	1616	2
1	352	1616	2
1	368	1616	2
1	384	1616	2
1	400	1616	2
1	480	1616	2
1	496	1616	2
1	0	1632	2
1	16	1632	2
1	32	1632	2
1	48	1632	2
1	64	1632	2
1	80	1632	2
1	160	1632	2
1	176	1632	2
1	192	1632	2
1	208	1632	2
1	224	1632	2
1	240	1632	2
1	256	1632	2
1	272	1632	2
1	288	1632	2
1	304	1632	2
1	320	1632	2
1	336	1632	2
1	352	1632	2
1	368	1632	2
1	384	1632	2
1	400	1632	2
1	480	1632	2
1	496	1632	2
1	0	1648	2
1	16	1648	2
1	32	1648	2
1	480	1648	2
1	496	1648	2
1	0	1664	2
1	16	1664	2
1	32	1664	2
1	480	1664	2
1	496	1664	2
1	0	1680	2
1	16	1680	2
1	32	1680	2
1	48	1680	2
1	64	1680	2
1	80	1680	2
1	96	1680	2
1	112	1680	2
1	128	1680	2
1	144	1680	2
1	416	1680	2
1	432	1680	2
1	448	1680	2
1	464	1680	2
1	480	1680	2
1	496	1680	2
1	0	1696	2
1	16	1696	2
1	32	1696	2
1	48	1696	2
1	64	1696	2
1	80	1696	2
1	96	1696	2
1	112	1696	2
1	128	1696	2
1	144	1696	2
1	416	1696	2
1	432	1696	2
1	448	1696	2
1	464	1696	2
1	480	1696	2
1	496	1696	2
1	0	1712	2
1	16	1712	2
1	480	1712	2
1	496	1712	2
1	0	1728	2
1	16	1728	2
1	480	1728	2
1	496	1728	2
1	0	1744	2
1	16	1744	2
1	32	1744	2
1	48	1744	2
1	64	1744	2
1	80	1744	2
1	96	1744	2
1	112	1744	2
1	128	1744	2
1	144	1744	2
1	160	1744	2
1	176	1744	2
1	192	1744	2
1	208	1744	2
1	224	1744	2
1	240	1744	2
1	256	1744	2
1	272	1744	2
1	288	1744	2
1	304	1744	2
1	320	1744	2
1	336	1744	2
1	352	1744	2
1	368	1744	2
1	384	1744	2
1	400	1744	2
1	416	1744	2
1	432	1744	2
1	448	1744	2
1	464	1744	2
1	480	1744	2
1	496	1744	2
#PORTAL
# type	l	t	ani_set_id	r	b	scene_id
100	448	112	0	464	144	6
100	75	128	0	91	144	22
#FLAME
14	96	336	2
14	112	336	2
14	128	336	2
14	144	336	2
14	224	464	2
14	240	464	2
14	256	464	2
14	272	464	2
14	160	720	2
14	176	720	2
14	192	720	2
14	208	720	2
14	336	848	2
14	320	848	2
14	304	848	2
14	288	848	2
14	272	1232	2
14	256	1232	2
14	240	1232	2
14	224	1232	2
14	208	1360	2
14	192	1360	2
14	176	1360	2
14	160	1360	2

#GOLEM
5	336	1335	5
5	464	1335	5
5	192	1719	5
5	336	1719	5
#LADDER
21	48	128	966
#TANK
4	32	310	4