[TILE_MAP]
0	0	0	0	0	0	0	0	0	0	0	0	0	0	0	0	0	0	0	0	0	0	0	0	0	0	0	0	0	0	0	0	
1	2	1	2	1	2	1	2	1	2	1	2	1	2	1	2	1	2	1	2	1	2	1	2	1	2	1	2	1	2	1	2	
3	4	4	1	2	4	4	1	2	4	4	1	2	4	4	1	2	4	4	1	2	4	4	1	2	4	4	1	2	4	4	1	
1	2	5	6	6	6	6	6	6	6	6	6	6	6	6	6	6	6	6	6	6	6	6	6	6	6	6	6	6	6	1	2	
3	4	7	8	8	8	8	8	8	8	8	8	8	8	8	8	8	8	8	8	8	8	8	9	10	11	8	8	8	8	4	1	
1	2	1	2	1	2	12	8	8	8	8	8	8	8	8	8	8	8	8	8	8	8	1	2	1	2	12	8	8	8	1	2	
3	4	4	1	2	4	7	8	8	8	8	8	8	8	8	8	8	8	8	8	8	8	4	1	2	4	7	8	8	8	4	1	
1	2	13	14	5	6	15	8	8	8	8	8	8	8	8	8	8	8	8	8	8	8	16	6	6	6	15	8	8	8	1	2	
3	4	17	18	7	8	8	8	8	8	8	8	8	8	8	8	8	8	8	8	8	8	8	8	8	8	8	8	8	8	4	1	
1	2	1	2	1	2	12	8	8	8	8	8	8	8	8	8	8	8	8	8	8	8	8	8	8	8	8	8	8	8	1	2	
3	4	4	1	2	4	7	8	8	8	8	8	8	8	8	8	8	8	8	8	8	8	8	8	8	8	8	8	8	8	4	1	
1	2	5	6	6	6	15	19	20	8	8	8	8	8	8	8	8	8	8	8	8	8	8	8	8	8	8	8	8	8	1	2	
3	4	7	8	8	8	8	21	22	8	8	8	8	8	8	8	8	8	8	8	8	8	8	8	8	8	8	8	8	8	4	1	
1	2	7	8	8	8	4	23	23	4	12	8	8	8	8	8	8	8	8	8	8	8	8	8	8	8	8	8	8	8	1	2	
3	4	7	8	8	8	4	1	2	4	7	8	8	8	8	8	8	8	8	8	8	8	8	8	8	8	8	8	8	8	4	1	
1	2	7	19	20	8	16	6	6	6	15	19	20	8	8	8	8	8	8	8	8	8	8	8	8	8	8	8	8	8	1	2	
3	4	7	21	22	8	8	8	8	8	8	21	22	8	8	8	8	8	8	8	8	8	8	8	8	8	8	8	8	8	4	1	
1	2	1	2	1	2	12	8	8	8	4	23	23	4	12	8	8	8	8	8	8	8	8	8	8	8	8	8	8	8	1	2	
3	4	4	1	2	4	7	8	8	8	4	1	2	4	7	8	8	8	8	8	8	8	8	8	8	8	8	8	8	8	4	1	
1	2	5	6	6	6	15	19	20	8	16	6	6	6	15	19	20	8	8	8	8	8	8	8	8	8	8	8	8	8	1	2	
3	4	7	8	8	8	8	21	22	8	8	8	8	8	8	21	22	8	8	8	8	8	8	8	8	8	8	8	8	8	4	1	
1	2	7	8	8	8	4	23	23	4	12	8	8	8	1	2	1	2	12	8	8	8	8	8	8	8	8	8	8	8	1	24	
3	4	7	8	8	8	4	1	2	4	7	8	8	8	4	1	2	4	7	8	8	8	8	8	8	8	8	8	8	8	4	25	
1	2	7	19	20	8	16	6	6	6	15	19	20	8	16	6	6	6	15	19	20	8	8	8	8	8	8	8	8	8	1	2	
3	4	7	21	22	8	8	8	8	8	8	21	22	8	8	8	8	8	8	21	22	8	8	8	8	8	8	8	8	8	4	1	
26	2	1	2	1	2	12	8	8	8	1	2	1	2	12	8	8	8	4	23	23	4	12	8	8	8	8	8	8	8	1	2	
25	4	4	1	2	4	7	8	8	8	4	1	2	4	7	8	8	8	4	1	2	4	7	8	8	8	8	8	8	8	4	1	
27	2	5	6	6	6	15	19	20	8	16	6	6	6	15	19	20	8	16	6	6	6	15	19	20	8	8	8	8	8	1	2	
3	4	7	8	8	8	8	21	22	8	8	8	8	8	8	21	22	8	8	8	8	8	8	21	22	8	8	8	8	8	4	1	
1	2	7	8	8	8	1	2	1	2	12	8	8	8	1	2	1	2	1	2	1	2	1	2	1	2	12	8	8	8	1	2	
3	4	7	8	8	8	4	1	2	4	7	8	8	8	4	1	2	4	4	1	2	4	4	1	2	4	7	8	8	8	4	1	
1	2	7	19	20	8	16	6	6	6	15	19	20	8	16	6	6	6	6	6	6	6	6	6	6	6	15	8	8	8	1	2	
3	4	7	21	22	8	8	8	8	8	8	21	22	8	8	8	8	8	8	8	8	8	8	8	8	8	8	8	8	8	4	1	
1	2	1	2	1	2	12	8	8	8	4	23	23	4	1	2	1	2	1	2	1	2	12	8	8	8	8	8	8	8	1	2	
3	4	4	1	2	4	7	8	8	8	4	1	2	4	4	1	2	4	4	1	2	4	7	8	8	8	8	8	8	8	4	1	
1	2	5	6	6	6	15	19	20	8	16	6	6	6	6	6	6	6	6	6	6	6	15	19	20	8	8	8	8	8	1	2	
3	4	7	8	8	8	8	21	22	8	8	8	8	8	8	8	8	8	8	8	8	8	8	21	22	8	8	8	8	8	4	1	
1	2	1	2	1	2	1	2	1	2	1	2	1	2	1	2	1	2	12	8	8	8	1	2	1	2	12	8	8	8	1	2	
3	4	4	1	2	4	4	1	2	4	4	1	2	4	2	1	2	4	7	8	8	8	4	1	2	4	7	8	8	8	4	1	
1	2	5	6	6	6	6	6	6	6	6	6	6	6	6	6	6	6	15	19	20	8	16	6	6	6	15	8	8	8	1	2	
3	4	7	8	8	8	8	8	8	8	8	8	8	8	8	8	8	8	8	21	22	8	8	8	8	8	8	8	8	8	4	1	
1	2	7	8	8	8	1	2	1	2	1	2	1	2	12	8	8	8	4	23	23	4	1	2	1	2	12	8	8	8	1	2	
3	4	7	8	8	8	4	1	2	4	4	1	2	4	7	8	8	8	4	1	2	4	4	1	2	4	7	8	8	8	4	1	
1	2	7	19	20	8	16	6	6	6	6	6	6	6	15	19	20	8	16	6	6	6	6	6	6	6	15	8	8	8	1	2	
3	4	7	21	22	8	8	8	8	8	8	8	8	8	8	21	22	8	8	8	8	8	8	8	8	8	8	8	8	8	4	1	
1	2	4	23	23	4	1	2	1	2	12	8	8	8	4	23	23	4	1	2	1	2	12	8	8	8	8	8	8	8	1	2	
3	4	4	1	2	4	4	1	2	4	7	8	8	8	4	1	2	4	4	1	2	4	7	8	8	8	8	8	8	8	4	1	
1	2	5	6	6	6	6	6	6	6	15	19	20	8	16	6	6	6	6	6	6	6	15	19	20	8	8	8	8	8	1	2	
3	4	7	8	8	8	8	8	8	8	8	21	22	8	8	8	8	8	8	8	8	8	8	21	22	8	8	8	8	8	4	1	
1	2	7	8	8	8	1	2	1	2	4	23	23	4	1	2	1	2	12	8	8	8	1	2	1	2	12	8	8	8	1	2	
3	4	7	8	8	8	4	1	2	4	4	1	2	4	4	1	2	4	7	8	8	8	4	1	2	4	7	8	8	8	4	1	
1	2	7	19	20	8	16	6	6	6	6	6	6	6	6	6	6	6	15	19	20	8	16	6	6	6	15	19	20	8	1	2	
3	4	7	21	22	8	8	8	8	8	8	8	8	8	8	8	8	8	8	21	22	8	8	8	8	8	8	21	22	8	4	1	
1	2	4	23	23	4	12	8	8	8	1	2	1	2	12	8	8	8	1	2	1	2	1	2	1	2	1	2	1	2	1	2	
3	4	4	1	2	4	7	8	8	8	4	1	2	4	7	8	8	8	4	1	2	4	4	1	2	4	4	1	2	4	4	1	
1	2	13	14	5	6	15	19	20	8	16	6	6	6	15	19	20	8	16	6	6	6	6	6	6	6	6	6	28	29	1	2	
3	4	17	18	7	8	8	21	22	8	8	8	8	8	8	21	22	8	8	8	8	8	8	8	8	8	8	8	30	31	4	1	
1	2	1	2	1	2	1	2	1	2	12	8	8	8	1	2	1	2	1	2	1	2	12	8	8	8	1	2	1	2	1	2	
3	4	4	1	2	4	4	1	2	4	7	8	8	8	4	1	2	4	4	1	2	4	7	8	8	8	4	1	2	4	4	1	
1	2	5	6	6	6	6	6	6	6	15	19	20	8	16	6	6	6	6	6	6	6	15	19	20	8	16	6	6	6	1	2	
3	4	7	8	8	8	8	8	8	8	8	21	22	8	8	8	8	8	8	8	8	8	8	21	22	8	8	8	8	8	4	1	
1	2	1	2	1	2	1	2	1	2	1	2	1	2	1	2	1	2	1	2	1	2	1	2	1	2	1	2	1	2	1	2	
3	4	4	1	2	4	4	1	2	4	4	1	2	4	4	1	2	4	4	1	2	4	4	1	2	4	4	1	2	4	4	1

[OBJECTS]
#TANK
4	100.0	0	4
# BRICK 
# --- fist broken bridge section
1	64	160	2
1	48	160	2
1	32	160	2
1	80	160	2
1	96	160	2
1	112	160	2
1	128	160	2
1	144	160	2
1	160	160	2
1	176	160	2
1	192	160	2
1	208	160	2
1	224	160	2
1	240	160	2
1	256	160	2
1	272	160	2
1	288	160	2
1	304	160	2