[TILE_MAP]
0	1	1	1	1	1	1	1	1	1	1	1	1	1	1	1	1	1	1	1	1	1	1	1	1	1	1	1	1	1	1	1	2	
3	4	4	4	4	4	4	4	4	4	4	4	4	4	4	4	4	4	4	4	4	4	4	4	4	4	4	4	4	4	4	4	5	
6	7	8	7	8	7	8	7	8	7	8	7	8	7	8	7	8	7	8	7	8	7	8	7	8	7	8	7	8	7	8	7	5	
9	10	11	12	13	10	11	14	15	16	11	14	15	16	11	14	15	16	11	12	13	10	11	12	13	10	11	12	13	10	11	12	17	
18	19	20	21	22	20	20	23	24	20	20	23	24	20	20	23	24	20	20	21	22	20	20	21	22	20	20	21	22	20	25	13	26	
9	10	27	28	29	30	28	28	29	30	28	28	29	30	28	28	29	30	28	28	29	30	28	28	29	30	28	28	29	30	31	12	17	
18	19	32	33	34	35	36	37	38	39	36	37	38	39	36	37	38	39	36	37	38	39	33	33	34	35	36	37	38	39	40	13	26	
9	10	32	33	34	35	41	12	13	10	11	12	13	10	11	12	13	10	11	12	13	10	42	33	34	35	41	12	13	10	11	12	17	
18	19	32	33	34	35	43	21	22	20	20	21	22	20	20	21	10	44	20	21	22	20	45	33	34	35	43	21	46	47	25	13	26	
9	10	32	33	34	35	48	28	29	30	28	28	29	30	28	28	49	44	27	28	29	30	50	33	34	35	48	28	51	52	11	12	17	
18	19	53	37	54	55	36	37	38	39	33	33	34	35	33	33	56	44	32	33	34	35	36	37	54	55	36	37	57	58	25	13	26	
9	10	11	12	13	10	11	12	13	10	42	33	34	35	33	33	56	44	32	33	34	35	41	12	13	10	11	12	13	10	11	12	17	
18	19	20	21	22	20	20	21	22	20	45	33	34	35	33	33	56	44	32	33	34	35	43	21	22	20	20	21	22	20	25	13	26	
9	10	27	28	29	30	28	28	29	30	50	33	34	35	33	33	59	60	61	33	34	35	48	28	29	30	28	28	29	30	31	12	17	
18	19	32	33	34	35	36	37	38	39	36	37	54	55	36	37	62	63	64	37	54	55	36	37	38	39	36	37	38	39	40	13	26	
9	10	32	33	34	35	41	14	15	16	11	14	15	16	11	14	15	16	11	14	15	16	11	12	13	10	11	12	13	10	11	12	17	
18	19	32	33	34	35	65	23	24	20	20	23	24	20	20	23	24	20	20	23	24	20	20	21	22	20	20	21	22	20	25	13	26	
9	10	32	33	34	35	66	28	29	30	28	28	29	30	28	28	29	30	28	28	29	30	28	28	29	30	28	28	29	30	31	12	17	
18	19	53	37	54	55	36	37	38	39	36	37	38	39	36	37	38	39	36	37	38	39	33	33	34	35	33	33	34	35	40	13	26	
9	10	11	12	13	10	11	12	13	10	11	12	13	10	11	12	13	10	11	12	13	10	42	33	34	35	33	33	34	35	41	12	17	
18	19	20	21	22	20	20	21	22	20	20	21	22	20	20	21	22	20	20	21	22	20	45	33	34	35	33	33	34	35	40	13	26	
9	10	27	28	29	30	28	28	29	30	28	28	29	30	28	28	29	30	28	28	29	30	50	33	34	35	33	33	34	35	41	12	17	
18	19	32	33	34	35	33	33	34	35	33	33	34	35	33	33	34	35	33	33	34	35	36	37	54	55	33	33	34	35	40	13	26	
9	10	32	33	34	35	33	33	34	35	33	33	34	35	33	33	34	35	33	33	34	35	41	12	13	10	42	33	34	35	41	12	17	
18	19	32	33	34	35	33	33	34	35	33	33	34	35	33	33	34	35	33	33	34	35	43	21	22	20	45	33	34	35	40	13	26	
9	10	32	33	34	35	33	33	34	35	33	33	34	35	33	33	34	35	33	33	34	35	48	28	29	30	50	33	34	35	41	12	17	
18	19	32	33	34	35	36	37	54	55	36	37	54	55	36	37	54	55	36	37	54	55	33	33	34	35	33	33	34	35	40	13	26	
9	10	32	33	34	35	41	12	13	10	11	12	13	10	11	12	13	10	11	12	13	10	42	33	34	35	33	33	34	35	41	12	17	
18	19	32	33	34	35	43	21	22	20	20	21	22	20	20	21	22	20	20	21	22	20	45	33	34	35	33	33	34	35	40	13	26	
9	10	32	33	34	35	48	28	29	30	28	28	29	30	28	28	29	30	28	28	29	30	50	33	34	35	33	33	34	35	41	12	17	
18	19	53	37	54	55	33	33	34	35	33	33	34	35	33	33	34	35	33	33	34	35	33	33	34	35	33	33	34	35	40	13	26	
9	10	11	12	13	10	42	33	34	35	33	33	34	35	33	33	34	35	33	33	34	35	33	33	34	35	33	33	34	35	41	12	17	
18	19	20	21	22	20	45	33	34	35	33	33	34	35	33	33	34	35	33	33	34	35	33	33	34	35	33	33	34	35	40	13	26	
9	10	27	28	29	30	50	33	34	35	33	33	34	35	33	33	34	35	33	33	34	35	33	33	34	35	33	33	34	35	41	12	17	
18	19	53	37	38	39	36	37	54	55	36	37	54	55	33	33	34	35	36	37	54	55	36	37	54	55	33	33	34	35	40	13	26	
9	10	11	12	13	10	11	12	13	10	11	12	13	10	42	33	34	35	41	12	13	10	11	12	13	10	42	33	34	35	41	12	17	
18	19	20	21	22	20	20	21	22	20	20	21	22	20	45	33	34	35	43	21	22	20	20	21	22	20	45	33	34	35	40	13	26	
9	10	27	28	29	30	28	28	29	30	28	28	29	30	50	33	34	35	48	28	29	30	28	28	29	30	50	33	34	35	41	12	17	
18	19	32	33	34	35	33	33	34	35	33	33	34	35	33	33	34	35	33	33	34	35	33	33	34	35	36	37	54	55	40	13	26	
9	10	32	33	34	35	33	33	34	35	33	33	34	35	33	33	34	35	33	33	34	35	33	33	34	35	41	12	13	10	11	12	17	
18	67	32	33	34	35	33	33	34	35	33	33	34	35	33	33	34	35	33	33	34	35	33	33	34	35	43	21	22	20	25	13	26	
9	10	32	33	34	35	33	33	34	35	33	33	34	35	33	33	34	35	33	33	34	35	33	33	34	35	48	28	29	30	31	12	17	
18	19	32	33	34	35	36	37	54	55	36	37	54	55	36	37	54	55	36	37	54	55	36	37	54	55	33	33	34	35	40	13	26	
9	10	32	33	34	35	41	12	13	10	11	12	13	10	11	12	13	10	11	12	13	10	11	12	13	10	42	33	34	35	41	12	17	
18	19	32	33	34	35	43	21	22	20	20	21	22	20	20	21	10	44	20	21	22	20	20	21	22	20	45	33	34	35	40	13	26	
9	10	32	33	34	35	48	28	29	30	28	28	29	30	28	28	49	44	27	28	29	30	28	28	29	30	50	33	34	35	41	12	17	
18	19	53	37	54	55	33	33	34	35	33	33	34	35	33	33	56	44	32	33	34	35	33	33	34	35	36	37	54	55	40	13	26	
9	10	11	12	13	10	42	33	34	35	33	33	34	35	33	33	56	44	32	33	34	35	33	33	34	35	41	12	13	10	11	12	17	
18	19	20	21	22	20	45	33	34	35	33	33	34	35	33	33	56	44	32	33	34	35	33	33	34	35	43	21	22	20	25	13	26	
9	10	27	28	29	30	50	33	34	35	33	33	34	35	33	33	59	60	61	33	34	35	33	33	34	35	48	28	29	30	31	12	17	
18	19	32	33	34	35	36	37	54	55	33	33	34	35	36	37	62	63	64	37	54	55	36	37	54	55	33	33	34	35	40	13	26	
9	10	32	33	34	35	41	12	13	10	42	33	34	35	41	12	13	10	11	12	13	10	11	12	13	10	42	33	34	35	41	12	17	
18	19	32	33	34	35	43	21	22	20	45	33	34	35	43	21	22	20	20	21	10	44	20	21	22	20	45	33	34	35	40	13	26	
9	10	32	33	34	35	48	28	29	30	50	33	34	35	68	28	29	30	28	28	49	44	27	28	29	30	50	33	34	35	41	12	17	
69	19	53	37	54	55	36	37	38	39	36	37	54	55	33	33	34	35	33	33	56	44	32	33	34	35	36	37	54	55	40	13	26	
9	10	11	12	13	10	11	12	13	10	11	12	13	10	42	33	34	35	33	33	56	44	32	33	34	35	41	12	13	10	11	12	17	
18	19	20	21	22	20	20	21	22	20	20	21	22	20	45	33	34	35	33	33	56	44	32	33	34	35	43	21	22	20	25	13	26	
9	10	27	28	29	30	28	28	29	30	28	28	29	30	50	33	34	35	33	33	59	60	61	33	34	35	48	28	29	30	31	12	17	
18	19	32	33	34	35	33	33	34	35	36	37	38	39	36	37	54	55	36	37	62	63	64	37	54	55	33	33	34	35	40	13	26	
9	10	32	33	34	35	33	33	34	35	41	12	13	10	11	12	13	10	11	12	13	10	11	12	13	10	42	33	34	35	41	12	17	
18	19	32	33	34	35	33	33	34	35	43	21	22	20	20	21	10	44	20	21	22	20	20	21	22	20	45	33	34	35	40	13	26	
9	10	32	33	34	35	33	33	34	35	48	28	29	30	28	28	49	44	27	28	29	30	28	28	29	30	50	33	34	35	41	12	17	
18	19	53	37	54	55	36	37	54	55	33	33	34	35	33	33	56	44	32	33	34	35	33	33	34	35	36	37	54	55	40	13	26	
9	10	11	12	13	10	11	14	15	16	42	33	34	35	33	33	56	44	32	33	34	35	33	33	34	35	41	12	13	10	11	12	17	
70	19	20	21	22	20	20	23	24	20	45	33	34	35	33	33	56	44	32	33	34	35	33	33	34	35	43	21	22	20	25	13	26	
71	10	27	28	29	30	28	28	29	30	50	33	34	35	33	33	59	60	61	33	34	35	33	33	34	35	48	28	29	30	31	12	17	
72	19	32	33	34	35	36	37	38	39	36	37	54	55	36	37	62	63	64	37	54	55	36	37	54	55	33	33	34	35	40	13	26	
73	10	32	33	34	35	41	12	13	10	11	12	13	10	11	12	13	10	11	12	13	10	11	12	13	10	42	33	34	35	41	12	17	
74	19	32	33	34	35	43	21	22	20	20	21	22	20	20	21	22	20	20	21	10	44	20	21	22	20	45	33	34	35	40	13	26	
75	10	32	33	34	35	48	28	29	30	28	28	29	30	28	28	29	30	28	28	49	44	27	28	29	30	50	33	34	35	41	12	17	
74	19	53	37	54	55	33	33	34	35	33	33	34	35	33	33	34	35	33	33	56	44	32	33	34	35	36	37	54	55	40	13	26	
75	10	11	12	13	10	42	33	34	35	33	33	34	35	33	33	34	35	33	33	56	44	32	33	34	35	41	12	13	10	11	12	17	
74	19	76	77	78	20	45	33	34	35	33	33	34	35	33	33	34	35	33	33	56	44	32	33	34	35	43	21	46	47	25	13	26	
75	10	79	80	81	28	50	33	34	35	33	33	34	35	33	33	34	35	33	33	59	60	61	33	34	35	48	28	51	52	11	12	17	
82	19	83	84	85	37	36	37	54	55	33	33	34	35	36	37	54	55	36	37	62	63	64	37	54	55	36	37	57	58	25	13	26	
86	10	11	12	13	10	11	12	13	10	42	33	34	35	41	12	13	10	11	12	13	10	11	12	13	10	11	12	13	10	11	12	17	
87	19	20	21	22	20	20	21	22	20	45	33	34	35	43	21	22	20	20	21	22	20	20	21	22	20	20	21	22	20	25	13	26	
88	10	27	28	29	30	28	28	29	30	50	33	34	35	48	28	29	30	28	28	29	30	28	28	29	30	28	28	29	30	31	12	17	
89	19	53	37	38	39	36	37	38	39	36	37	54	55	36	37	38	39	36	37	38	39	36	37	38	39	36	37	38	39	40	13	26	
90	91	92	91	92	91	92	91	92	91	92	91	92	91	92	91	92	91	92	91	92	91	92	91	92	91	92	91	92	91	92	91	93	
[OBJECTS]
# type	x	y	ani_set_id	extra_settings per object type
# type: 0 = Mario , 1 = Brick, 2 = Goomba
#TANK
4	64	1170	4

#BRICKS
1	0	1261	2
1	16	1261	2
1	32	1261	2
1	48	1261	2
1	64	1261	2
1	80	1261	2
1	96	1261	2
1	112	1261	2
1	128	1261	2
1	144	1261	2
1	160	1261	2
1	176	1261	2
1	192	1261	2
1	208	1261	2
1	224	1261	2
1	240	1261	2
1	256	1261	2
1	272	1261	2
1	288	1261	2
1	304	1261	2
1	320	1261	2
1	336	1261	2
1	352	1261	2
1	368	1261	2
1	384	1261	2
1	400	1261	2
1	416	1261	2
1	432	1261	2
1	448	1261	2
1	464	1261	2
1	480	1261	2
1	496	1261	2
1	0	1245	2
1	16	1245	2
1	480	1245	2
1	496	1245	2
1	0	1229	2
1	16	1229	2
1	480	1229	2
1	496	1229	2
1	0	1213	2
1	32	1213	2
1	48	1213	2
1	64	1213	2
1	80	1213	2
1	96	1213	2
1	112	1213	2
1	128	1213	2
1	144	1213	2
1	224	1213	2
1	240	1213	2
1	256	1213	2
1	272	1213	2
1	288	1213	2
1	304	1213	2
1	320	1213	2
1	336	1213	2
1	352	1213	2
1	368	1213	2
1	384	1213	2
1	400	1213	2
1	416	1213	2
1	432	1213	2
1	448	1213	2
1	464	1213	2
1	480	1213	2
1	496	1213	2
1	0	1197	2
1	32	1197	2
1	48	1197	2
1	64	1197	2
1	80	1197	2
1	96	1197	2
1	112	1197	2
1	128	1197	2
1	144	1197	2
1	224	1197	2
1	240	1197	2
1	256	1197	2
1	272	1197	2
1	288	1197	2
1	304	1197	2
1	320	1197	2
1	336	1197	2
1	352	1197	2
1	368	1197	2
1	384	1197	2
1	400	1197	2
1	416	1197	2
1	432	1197	2
1	448	1197	2
1	464	1197	2
1	480	1197	2
1	496	1197	2
1	0	1181	2
1	16	1181	2
1	32	1181	2
1	48	1181	2
1	320	1181	2
1	336	1181	2
1	464	1181	2
1	480	1181	2
1	496	1181	2
#GOLEM
5	80	1150	5
5	100	1150	5
#BUTTERFLY
7	300	1150	7
7	300	1150	7