[TILE_MAP]
0	1	0	1	0	1	0	1	0	1	0	1	0	1	0	1	
2	3	2	3	2	3	2	3	2	3	2	3	2	3	2	3	
0	1	4	5	5	5	5	5	5	5	5	5	5	6	0	1	
2	3	4	5	5	5	5	5	5	5	5	5	5	7	2	3	
0	1	8	9	10	9	10	9	10	9	10	9	10	11	0	1	
2	3	9	10	9	10	9	10	9	10	9	10	9	12	2	3	
0	1	8	9	10	9	10	9	10	9	10	9	10	11	0	1	
13	14	15	10	9	10	9	10	9	10	9	10	9	12	16	13	
13	17	18	9	10	9	10	9	10	9	10	9	10	11	19	13	
2	3	20	21	9	10	9	10	9	10	9	10	9	22	2	3	
0	1	20	23	10	9	10	9	10	9	10	9	10	24	0	1	
2	3	9	10	9	10	9	10	9	10	9	10	9	12	2	3	
0	1	8	9	10	9	10	9	10	9	10	9	10	11	0	1	
2	3	9	10	9	10	9	10	9	10	9	10	9	12	2	3	
0	1	0	1	0	1	0	1	0	1	0	1	0	1	0	1	
2	3	2	3	2	3	2	3	2	3	2	3	2	3	2	3
[OBJECTS]
#OHSOPHIA
20	100.0	64	20
