[TILE_MAP]
0	0	0	0	0	0	0	0	0	0	0	0	0	0	0	0	0	0	0	0	0	0	0	0	0	0	0	0	0	0	0	0	0	
0	0	2	3	3	3	3	3	3	3	3	4	5	6	3	4	5	6	3	3	3	3	3	4	5	6	3	3	3	3	7	0	0	
8	9	10	11	11	11	11	11	11	11	11	12	13	14	11	12	13	14	11	11	11	11	11	12	13	14	11	11	11	11	15	8	0	
8	9	10	11	11	11	11	11	11	11	11	12	13	14	11	12	13	14	11	11	11	11	11	12	13	14	11	11	11	11	15	8	0	
0	0	10	11	11	11	11	11	11	11	17	18	19	20	21	18	19	20	22	11	11	11	17	18	19	20	22	11	11	11	15	0	0	
0	0	10	11	11	11	11	11	11	11	15	0	0	0	0	23	24	25	0	23	24	25	0	0	0	0	26	11	11	11	15	0	0	
8	9	10	11	11	11	11	11	15	0	0	8	27	9	0	0	0	0	0	0	0	0	0	8	27	9	0	0	28	11	15	8	0	
8	9	29	30	31	11	11	11	32	3	7	8	27	9	0	8	27	9	0	8	27	9	0	8	27	9	2	3	33	11	15	8	0	
0	0	34	35	31	11	11	11	11	11	15	0	0	0	0	0	0	0	0	0	0	0	0	0	0	0	10	11	11	11	15	0	0	
0	0	0	0	0	0	26	11	11	11	36	4	5	6	3	3	3	3	3	4	5	6	7	0	0	0	10	11	11	11	15	0	0	
8	9	0	8	27	9	0	0	28	11	11	12	13	14	11	11	11	11	11	12	13	14	15	8	27	9	10	11	15	0	0	8	0	
8	9	0	8	27	9	2	3	33	11	11	12	13	14	11	11	11	11	11	12	13	14	15	8	27	9	10	11	32	3	7	8	0	
0	0	0	0	0	0	10	11	11	11	17	18	19	20	22	11	11	11	17	18	19	20	37	0	0	0	10	11	11	11	15	0	0	
0	0	0	0	0	0	0	0	0	0	0	0	0	0	0	0	0	0	0	0	0	0	0	0	0	0	26	11	11	11	15	0	0	
27	9	0	8	27	9	0	8	27	9	0	8	27	9	0	8	27	9	0	8	27	9	0	8	27	9	0	0	28	11	15	8	0	
27	9	0	8	27	9	0	8	27	9	0	8	27	9	0	8	27	9	0	8	27	9	0	8	27	9	2	3	33	11	15	8	0	
0	0	0	0	0	0	0	0	0	0	0	0	0	0	0	0	0	0	0	0	0	0	0	0	0	0	10	11	11	11	15	0	0	
0	0	2	3	3	3	3	3	3	3	7	0	0	0	2	3	3	3	3	4	5	6	3	3	3	3	38	11	11	11	15	0	0	
8	9	10	11	11	11	11	11	11	11	15	8	27	9	10	11	39	40	11	12	13	14	11	11	11	11	11	11	15	0	0	41	0	
8	9	10	11	11	11	11	11	11	11	15	8	27	9	10	11	11	11	11	12	13	14	11	11	11	11	11	11	32	3	7	8	0	
0	0	10	11	11	11	11	11	11	11	15	0	0	0	10	11	11	11	17	18	19	20	22	11	11	11	11	11	11	11	15	0	0	
0	0	10	11	11	11	11	11	11	11	15	0	0	0	26	11	11	11	15	0	0	0	0	23	24	25	26	11	11	11	15	0	0	
8	9	10	11	11	11	11	11	15	0	0	8	27	9	0	0	28	11	15	8	27	9	0	0	0	0	0	0	28	11	15	8	0	
8	9	29	30	31	11	11	11	32	3	7	8	27	9	2	3	33	11	15	8	27	9	0	8	27	9	2	3	33	11	15	8	0	
0	0	34	35	31	11	11	11	11	11	15	0	0	0	10	11	11	11	15	0	0	0	0	0	0	0	10	11	11	11	15	0	0	
0	0	0	0	0	0	26	11	11	11	36	4	5	6	38	11	11	11	15	0	0	0	43	4	5	6	38	11	11	11	15	0	0	
8	9	0	8	27	9	0	0	28	11	11	12	13	14	11	11	15	0	0	8	27	9	28	12	13	14	11	11	15	0	0	8	0	
8	9	0	8	27	9	2	3	33	11	11	12	13	14	11	11	32	3	7	8	27	9	28	12	13	14	11	11	32	3	7	8	0	
0	0	0	0	0	0	10	11	11	11	17	18	19	20	22	11	11	11	15	0	0	0	44	45	46	20	22	11	11	11	15	0	0	
0	0	0	0	0	0	0	23	24	25	0	0	0	0	0	23	24	25	0	0	0	0	0	0	0	0	0	0	0	0	0	0	0	
47	9	0	8	27	9	0	0	0	0	0	8	27	9	0	0	0	0	0	8	27	9	0	8	27	9	0	8	27	9	0	8	0	
48	9	0	8	27	9	0	8	27	9	0	8	27	9	0	8	27	9	0	8	27	9	0	8	27	9	0	8	27	9	0	8	0	
0	0	0	0	0	0	0	0	0	0	0	0	0	0	0	0	0	0	0	0	0	0	0	0	0	0	0	0	0	0	0	0	0

[OBJECTS]
#TANK
4	100.0	0	4
# BRICK 
# --- fist broken bridge section
1	64	160	2
1	48	160	2
1	32	160	2
1	80	160	2
1	96	160	2
1	112	160	2
1	128	160	2
1	144	160	2
1	160	160	2
1	176	160	2
1	192	160	2
1	208	160	2
1	224	160	2
1	240	160	2
1	256	160	2
1	272	160	2
1	288	160	2
1	304	160	2