[TILE_MAP]
0	1	0	1	0	1	0	1	0	1	0	1	0	1	0	1	
2	3	2	3	2	3	2	3	2	3	2	3	2	3	2	3	
0	1	4	5	5	5	5	5	5	5	5	5	5	6	0	1	
2	3	4	5	5	5	5	5	5	5	5	5	5	7	2	3	
0	1	8	9	8	9	8	9	8	9	8	9	8	10	0	1	
2	3	9	8	9	8	9	8	9	8	9	8	9	11	2	3	
0	1	8	9	8	9	8	9	8	9	8	9	8	10	0	1	
2	3	9	8	9	8	9	8	9	8	9	8	9	11	12	13	
0	1	8	9	8	9	14	15	16	9	8	9	8	10	17	13	
2	3	9	8	9	8	18	19	20	8	9	8	9	21	2	3	
0	1	8	9	8	9	22	23	24	9	8	9	8	21	0	1	
2	3	9	8	9	8	9	8	9	8	9	8	9	11	2	3	
0	1	8	9	8	9	8	9	8	9	8	9	8	10	0	1	
2	3	9	8	9	8	9	8	9	8	9	8	9	11	2	3	
0	1	0	1	0	1	0	1	0	1	0	1	0	1	0	1	
2	3	2	3	2	3	2	3	2	3	2	3	2	3	2	3

[OBJECTS]
#OHSOPHIA
20	100.0	64	20