[TILE_MAP]
0	1	0	1	0	1	0	2	3	4	0	1	0	1	0	1	
5	6	5	6	5	6	5	7	8	9	5	6	5	6	5	6	
0	1	10	11	11	11	11	12	13	14	11	11	11	15	0	1	
5	6	10	11	11	11	11	16	17	18	11	11	11	19	5	6	
0	1	20	21	21	21	21	22	23	24	21	21	21	25	0	1	
5	6	26	27	27	27	27	28	29	26	27	27	27	30	5	6	
0	1	26	27	27	27	27	28	29	29	29	29	26	30	0	1	
31	32	33	27	27	27	27	28	29	29	29	29	26	30	5	6	
31	34	33	27	27	27	27	35	21	21	36	29	26	30	0	1	
5	6	37	38	26	27	27	27	27	27	28	29	26	30	5	6	
0	1	37	38	29	29	29	29	29	29	29	29	26	30	0	1	
5	6	20	21	36	29	29	29	29	29	20	21	39	30	5	6	
0	1	26	27	35	21	21	21	21	21	39	27	27	30	0	1	
5	6	26	27	27	27	27	27	27	27	27	27	27	30	5	6	
0	1	0	1	0	1	0	1	0	1	0	1	0	1	0	1	
5	6	5	6	5	6	5	6	5	6	5	6	5	6	5	6
[OBJECTS]
#OHSOPHIA
20	100.0	64	20
