[TILE_MAP]
0	0	0	0	0	0	0	0	0	0	0	0	0	0	0	0	
0	1	2	2	2	3	1	2	2	3	4	4	4	4	4	0	
0	5	6	7	8	9	10	6	8	9	11	11	11	12	4	0	
0	13	14	11	15	16	17	18	11	16	0	19	20	21	3	0	
0	4	5	0	22	23	24	25	26	27	28	29	6	8	30	0	
0	4	5	0	31	32	33	34	35	36	37	29	6	8	30	0	
19	2	38	39	40	41	42	43	44	45	46	47	6	8	30	0	
29	6	8	48	49	50	51	52	53	54	55	29	6	8	30	0	
17	56	14	16	0	57	58	59	60	61	62	17	11	63	64	0	
0	4	13	56	56	56	56	56	56	56	56	56	56	64	4	0	
0	4	4	4	65	66	67	68	68	69	70	71	4	4	4	0	
0	4	4	4	72	73	74	75	76	77	78	79	4	4	4	0	
0	0	0	0	80	81	82	83	83	84	85	86	0	0	0	0	
0	0	0	0	0	87	88	89	90	91	92	93	0	0	0	0	
0	0	0	0	0	0	0	0	0	0	0	0	0	0	0	0	


[OBJECTS]
70	110	177	70