[TILE_MAP]
0	1	0	1	0	1	0	2	3	4	0	1	0	1	0	1	
5	6	5	6	5	6	5	7	8	9	5	6	5	6	5	6	
0	1	10	11	11	11	11	12	13	14	11	11	11	15	0	1	
5	6	10	11	11	11	11	16	17	18	11	11	11	19	5	6	
0	1	20	21	21	21	21	22	23	24	21	21	21	25	0	1	
5	6	26	27	27	27	27	28	29	26	27	27	27	30	5	6	
0	1	26	27	27	27	27	28	29	26	27	27	27	30	0	1	
5	6	26	27	27	27	27	28	29	26	27	27	27	30	31	32	
0	1	26	27	27	27	28	29	29	29	26	27	27	30	33	32	
5	6	26	27	27	27	28	29	29	29	29	29	29	34	5	6	
0	1	26	27	27	27	28	29	29	29	29	29	29	34	0	1	
5	6	26	27	27	27	28	29	29	29	20	21	21	25	5	6	
0	1	26	27	27	27	27	35	21	21	36	27	27	30	0	1	
5	6	26	27	27	27	27	27	27	27	27	27	27	30	5	6	
0	1	0	1	0	1	0	1	0	1	0	1	0	1	0	1	
5	6	5	6	5	6	5	6	5	6	5	6	5	6	5	6
[OBJECTS]
#OHSOPHIA
20	100.0	64	20