[TILE_MAP]
0	1	0	1	0	1	0	1	0	1	0	1	0	1	0	1	
2	3	2	3	2	3	2	3	2	3	2	3	2	3	2	3	
0	1	4	5	5	5	5	5	5	5	5	5	5	6	0	1	
2	3	4	5	5	5	5	5	5	5	5	5	5	7	2	3	
0	1	8	9	10	9	10	9	10	9	10	9	10	11	0	1	
2	3	9	10	9	10	9	10	9	10	9	10	9	12	2	3	
0	1	8	9	10	9	10	9	10	9	10	9	10	11	0	1	
2	3	9	10	9	10	9	10	9	10	9	10	9	12	2	3	
0	1	8	9	10	9	10	9	10	9	10	9	10	11	0	1	
2	3	9	10	9	10	9	10	9	10	9	10	9	12	2	3	
0	1	8	9	10	9	10	9	10	9	10	9	10	11	0	1	
2	3	9	10	9	10	9	10	9	10	9	10	9	12	2	3	
0	1	8	9	10	9	10	9	10	9	10	9	10	11	0	1	
2	3	9	10	9	10	9	10	9	10	9	10	9	12	2	3	
0	1	0	1	0	1	0	13	14	15	0	1	0	1	0	1	
2	3	2	3	2	3	2	13	14	16	2	3	2	3	2	3
[OBJECTS]
#BOSS
16	100.0	64	16

#OHSOPHIA
20	80	226.0	20
