[TILE_MAP]
0	1	0	1	0	1	0	1	0	1	0	1	0	1	0	1	
2	3	2	3	2	3	2	3	2	3	2	3	2	3	2	3	
0	1	4	5	5	5	5	5	5	5	5	5	5	6	0	1	
2	3	4	5	5	5	5	5	5	5	5	5	5	7	2	3	
0	1	8	8	8	8	8	8	8	8	8	8	8	9	0	1	
2	3	10	10	10	10	10	10	10	10	10	10	10	11	2	3	
0	1	10	10	12	12	12	12	12	12	12	12	10	11	0	1	
2	3	10	10	12	12	12	12	12	12	12	12	10	11	13	14	
0	1	10	10	12	12	8	8	8	8	12	12	10	11	15	14	
2	3	10	10	12	12	10	10	10	10	12	12	12	16	2	3	
0	1	10	10	12	12	12	12	12	10	8	12	12	16	0	1	
2	3	10	10	12	12	12	12	12	10	10	8	8	9	2	3	
0	1	10	10	8	8	8	12	12	10	10	10	10	11	0	1	
2	3	10	10	10	10	10	12	12	10	10	10	10	11	2	3	
0	1	0	1	0	1	0	17	18	1	0	1	0	1	0	1	
2	3	2	3	2	3	2	17	18	3	2	3	2	3	2	3
[OBJECTS]
#OHSOPHIA
20	100.0	64	20