[TILE_MAP]
0	1	0	1	0	1	0	2	3	1	0	1	0	1	0	1	
4	5	4	5	4	5	4	6	7	5	4	5	4	5	4	5	
0	1	8	9	9	9	9	10	11	9	9	9	9	12	0	1	
4	5	8	9	9	9	9	13	14	9	9	9	9	15	4	5	
0	1	16	17	16	17	16	18	18	17	16	17	16	19	0	1	
4	5	17	16	17	16	17	16	17	16	17	16	17	20	4	5	
0	1	16	17	16	17	16	17	16	17	16	17	16	19	0	1	
4	5	17	16	17	16	17	16	17	16	17	16	17	20	21	22	
0	1	16	17	16	17	16	17	16	17	16	17	16	19	23	22	
4	5	17	16	17	16	17	16	17	16	17	16	17	24	4	5	
0	1	16	17	16	17	16	17	16	17	16	17	16	24	0	1	
4	5	17	16	17	16	17	16	17	16	17	16	17	20	4	5	
0	1	16	17	16	17	16	17	16	17	16	17	16	19	0	1	
4	5	17	16	17	16	17	16	17	16	17	16	17	20	4	5	
0	1	0	1	0	1	0	1	0	1	0	1	0	22	0	1	
4	5	4	5	4	5	4	5	4	5	4	5	4	5	4	5
[OBJECTS]
#OHSOPHIA
20	100.0	64	20