[TILE_MAP]
0	1	2	3	4	3	2	3	4	3	2	3	4	3	2	3	4	3	2	3	4	3	2	3	4	3	2	3	4	5	0	1	0	1	0	1	0	1	0	1	0	1	0	1	0	1	0	1	0	1	0	1	0	1	0	1	0	1	0	1	0	1	0	1	
6	7	3	4	3	2	3	4	3	2	3	4	3	2	3	4	3	2	3	4	3	2	3	4	3	2	3	4	3	8	6	7	6	7	6	7	6	7	6	7	6	7	6	7	6	7	6	7	6	7	6	7	6	7	6	7	6	7	6	7	6	7	6	7	
0	1	4	3	2	3	4	3	2	3	4	3	2	3	4	3	2	3	4	3	2	3	4	3	2	3	4	3	2	5	0	1	0	1	9	10	10	10	10	10	10	10	10	10	10	11	0	1	0	1	9	10	10	10	10	10	10	10	10	10	10	11	0	1	
6	7	3	2	3	4	3	2	3	4	3	2	3	4	3	2	3	4	3	2	3	4	3	2	3	4	3	2	3	4	6	7	6	7	9	10	10	10	10	10	10	10	10	10	10	12	6	7	6	7	9	10	10	10	10	10	10	10	10	10	10	12	6	7	
0	1	2	3	4	3	2	3	4	3	2	3	4	3	2	3	4	3	2	3	4	3	2	3	4	3	2	3	4	5	0	1	0	1	13	13	13	13	13	13	13	13	13	13	13	14	0	1	0	1	2	3	2	3	2	3	2	3	2	3	2	5	0	1	
6	7	3	4	3	2	3	4	3	2	3	4	3	2	3	4	3	2	3	4	3	2	3	4	3	2	3	4	3	8	6	7	6	7	15	15	15	15	4	4	4	4	15	15	15	16	6	7	6	7	3	2	3	2	3	2	3	2	3	2	3	8	6	7	
0	1	4	3	2	3	4	3	2	3	4	3	2	3	4	3	2	3	4	3	2	3	4	3	2	3	4	3	2	5	0	1	0	1	15	15	15	4	4	17	17	4	4	15	15	16	0	1	0	1	2	3	2	3	2	3	2	3	2	3	2	5	0	1	
6	7	3	2	3	4	3	2	3	4	3	2	3	4	3	2	3	4	3	2	3	4	3	2	3	4	3	2	3	4	18	19	19	20	15	15	15	4	21	17	17	21	4	15	15	16	6	7	6	7	3	2	3	2	3	2	3	2	3	2	3	8	6	7	
0	1	2	3	4	3	2	3	4	3	2	3	4	3	2	3	4	3	2	3	4	3	2	3	4	3	2	3	4	5	22	19	19	23	15	15	15	4	21	17	17	21	4	15	15	16	0	1	0	1	2	3	2	3	2	3	2	3	2	3	2	5	0	1	
6	7	3	4	3	2	3	4	3	2	3	4	3	2	3	4	3	2	3	4	3	2	3	4	3	2	3	4	3	24	6	7	6	7	17	17	17	4	4	17	17	4	4	15	15	16	6	7	6	7	3	2	3	2	3	2	3	2	3	2	3	8	6	7	
0	1	4	3	2	3	4	3	2	3	4	3	2	3	4	3	2	3	4	3	2	3	4	3	2	3	4	3	2	24	0	1	0	1	17	17	17	13	4	17	17	4	13	15	15	16	0	1	0	1	2	3	2	3	2	3	2	3	2	3	2	5	0	1	
6	7	3	2	3	4	3	2	3	4	3	2	3	4	3	2	3	4	3	2	3	4	3	2	3	4	3	2	3	4	6	7	6	7	15	17	17	15	13	17	17	13	15	15	15	16	6	7	6	7	3	2	3	2	3	2	3	2	3	2	3	8	6	7	
0	1	2	3	4	3	2	3	4	3	2	3	4	3	2	3	4	3	2	3	4	3	2	3	4	3	2	3	4	5	0	1	0	1	15	17	17	15	15	17	17	15	15	15	15	16	0	1	0	1	2	3	2	3	2	3	2	3	2	3	2	5	0	1	
6	7	3	4	3	2	3	4	3	2	3	4	3	2	3	4	3	2	3	4	3	2	3	4	3	2	3	4	3	8	6	7	6	7	15	17	17	15	15	17	17	15	15	15	15	16	6	7	6	7	3	2	3	2	3	2	3	2	3	2	3	8	6	7	
0	1	0	1	0	1	0	1	0	1	0	1	0	1	0	1	0	1	0	1	0	1	0	1	0	1	0	1	0	1	0	1	0	1	0	1	0	1	0	1	0	1	0	1	0	1	0	1	0	1	0	1	0	1	0	25	26	1	0	1	0	1	0	1	
6	7	6	7	6	7	6	7	6	7	6	7	6	7	6	7	6	7	6	7	6	7	6	7	6	7	6	7	6	7	6	7	6	7	6	7	6	7	6	7	6	7	6	7	6	7	6	7	6	7	6	7	6	7	6	25	26	7	6	7	6	7	6	7	
0	1	0	1	0	1	0	1	0	1	0	1	0	1	0	1	0	1	0	1	0	1	0	1	0	1	0	1	0	1	0	1	0	1	0	1	0	1	0	1	0	1	0	1	0	1	0	1	0	1	0	1	0	1	0	25	26	1	0	1	0	1	0	1	
6	7	6	7	6	7	6	7	6	7	6	7	6	7	6	7	6	7	6	7	6	7	6	7	6	7	6	7	6	7	6	7	6	7	6	7	6	7	6	7	6	7	6	7	6	7	6	7	6	7	6	7	6	7	6	27	28	7	6	7	6	7	6	7	
0	1	9	10	10	10	10	10	10	10	10	10	10	11	0	1	0	1	9	10	10	10	10	10	10	10	10	10	10	11	0	1	0	1	9	10	10	10	10	10	10	10	10	10	10	11	0	1	0	1	9	10	10	10	10	29	30	10	10	10	10	11	0	1	
6	7	9	10	10	10	10	10	10	10	10	10	10	12	6	7	6	7	9	10	10	10	10	10	10	10	10	10	10	12	6	7	6	7	9	10	10	10	10	10	10	10	10	10	10	12	6	7	6	7	9	10	10	10	10	31	32	10	10	10	10	12	6	7	
0	1	13	13	13	13	13	13	13	13	13	13	13	14	0	1	0	1	2	3	2	3	2	3	2	3	2	3	2	5	0	1	0	1	2	3	2	3	2	3	2	3	2	3	2	5	0	1	0	1	13	13	13	13	13	17	17	13	13	13	13	14	0	1	
6	7	15	15	15	15	15	15	15	15	15	15	15	16	6	7	6	7	3	2	3	2	3	2	3	2	3	2	3	8	6	7	6	7	3	2	3	2	3	2	3	2	3	2	3	8	6	7	6	7	15	15	15	15	15	21	21	15	15	15	15	16	6	7	
0	1	15	15	21	21	21	21	21	21	21	21	15	16	0	1	0	1	2	3	2	3	2	3	2	3	2	3	2	5	0	1	0	1	2	3	2	3	2	3	2	3	2	3	2	5	0	1	0	1	15	15	15	15	15	21	21	21	21	21	15	16	0	1	
6	7	15	15	21	21	21	21	21	21	21	21	15	16	18	19	19	20	3	2	3	2	3	2	3	2	3	2	3	8	18	19	19	20	3	2	3	2	3	2	3	2	3	2	3	8	18	19	19	20	15	15	15	15	15	21	21	21	21	21	15	16	6	7	
0	1	15	15	21	21	13	13	13	13	21	21	15	16	22	19	19	23	2	3	2	3	2	3	2	3	2	3	2	5	22	19	19	23	2	3	2	3	2	3	2	3	2	3	2	5	22	19	19	23	15	15	15	15	15	13	13	13	21	21	15	16	0	1	
6	7	15	15	21	21	15	15	15	15	21	21	21	24	6	7	6	7	17	2	3	2	3	2	3	2	3	2	3	24	6	7	6	7	17	2	3	2	3	2	3	2	3	2	3	24	6	7	6	7	17	21	15	15	15	15	15	15	21	21	15	16	6	7	
0	1	15	15	21	21	21	21	21	15	13	21	21	24	0	1	0	1	17	3	2	3	2	3	2	3	2	3	2	24	0	1	0	1	17	3	2	3	2	3	2	3	2	3	2	24	0	1	0	1	17	21	21	21	21	21	21	21	21	21	15	16	0	1	
6	7	15	15	21	21	21	21	21	15	15	13	13	14	6	7	6	7	3	2	3	2	3	2	3	2	3	2	3	8	6	7	6	7	3	2	3	2	3	2	3	2	3	2	3	8	6	7	6	7	13	13	21	21	21	21	21	21	13	13	15	16	6	7	
0	1	15	15	13	13	13	21	21	15	15	15	15	16	0	1	0	1	2	3	2	3	2	3	2	3	2	3	2	5	0	1	0	1	2	3	2	3	2	3	2	3	2	3	2	5	0	1	0	1	15	15	13	13	13	13	13	13	15	15	15	16	0	1	
6	7	15	15	15	15	15	21	21	15	15	15	15	16	6	7	6	7	3	2	3	2	3	2	3	2	3	2	3	8	6	7	6	7	3	2	3	2	3	2	3	2	3	2	3	8	6	7	6	7	15	15	15	15	15	15	15	15	15	15	15	16	6	7	
0	1	0	1	0	1	0	25	26	1	0	1	0	1	0	1	0	1	0	1	0	1	0	1	0	1	0	1	0	1	0	1	0	1	0	1	0	1	0	25	26	1	0	1	0	1	0	1	0	1	0	1	0	1	0	1	0	1	0	1	0	1	0	1	
6	7	6	7	6	7	6	25	26	7	6	7	6	7	6	7	6	7	6	7	6	7	6	7	6	7	6	7	6	7	6	7	6	7	6	7	6	7	6	25	26	7	6	7	6	7	6	7	6	7	6	7	6	7	6	7	6	7	6	7	6	7	6	7	
0	1	0	1	0	1	0	25	26	1	0	1	0	1	0	1	0	1	0	1	0	1	0	1	0	1	0	1	0	1	0	1	0	1	0	1	0	1	0	25	26	1	0	1	0	1	0	1	0	1	0	1	0	1	0	1	0	1	0	1	0	1	0	1	
6	7	6	7	6	7	6	27	28	7	6	7	6	7	6	7	6	7	6	7	6	7	6	7	6	7	6	7	6	7	6	7	6	7	6	7	6	7	6	27	28	7	6	7	6	7	6	7	6	7	6	7	6	7	6	7	6	7	6	7	6	7	6	7	
0	1	9	10	10	10	10	29	30	10	10	10	10	11	0	1	0	1	9	10	10	10	10	10	10	10	10	10	10	11	0	1	0	1	9	10	10	10	10	29	30	10	10	10	10	11	0	1	0	1	9	10	10	10	10	10	10	10	10	10	10	11	0	1	
6	7	9	10	10	10	10	31	32	10	10	10	10	12	6	7	6	7	9	10	10	10	10	10	10	10	10	10	10	12	6	7	6	7	9	10	10	10	10	31	32	10	10	10	10	12	6	7	6	7	9	10	10	10	10	10	10	10	10	10	10	12	6	7	
0	1	2	3	2	3	2	17	17	3	2	3	2	5	0	1	0	1	2	3	2	3	2	3	2	3	2	3	2	5	0	1	0	1	2	3	2	3	2	17	17	3	2	3	2	5	0	1	0	1	2	3	2	3	2	3	2	3	2	3	2	5	0	1	
6	7	3	2	3	2	3	2	3	2	3	2	3	8	6	7	6	7	3	2	3	2	3	2	3	2	3	2	3	8	6	7	6	7	3	2	3	2	3	2	3	2	3	2	3	8	6	7	6	7	3	2	3	2	3	2	3	2	3	2	3	8	6	7	
0	1	2	3	2	3	2	3	2	3	2	3	2	5	0	1	0	1	2	3	2	3	2	3	2	3	2	3	2	5	0	1	0	1	2	3	2	3	2	3	2	3	2	3	2	5	0	1	0	1	2	3	2	3	2	3	2	3	2	3	2	5	0	1	
6	7	3	2	3	2	3	2	3	2	3	2	3	8	18	19	19	20	3	2	3	2	3	2	3	2	3	2	3	8	6	7	6	7	3	2	3	2	3	2	3	2	3	2	3	8	6	7	6	7	3	2	3	2	3	2	3	2	3	2	3	8	6	7	
0	1	2	3	2	3	2	3	2	3	2	3	2	5	22	19	19	23	2	3	2	3	2	3	2	3	2	3	2	5	0	1	0	1	33	34	34	34	34	34	34	34	34	34	34	35	0	1	0	1	2	3	2	3	2	3	2	3	2	3	2	5	0	1	
6	7	3	2	3	2	3	2	3	2	3	2	3	24	6	7	6	7	17	2	3	2	3	2	3	2	3	2	3	8	6	7	6	7	33	34	34	34	34	34	34	34	34	34	34	35	6	7	6	7	3	2	3	2	3	2	3	2	3	2	3	8	6	7	
0	1	2	3	2	3	2	3	2	3	2	3	2	24	0	1	0	1	17	3	2	3	2	3	2	3	2	3	2	5	0	1	0	1	36	37	37	37	37	37	37	37	37	37	37	38	0	1	0	1	2	3	2	3	2	3	2	3	2	3	2	5	0	1	
6	7	3	2	3	2	3	2	3	2	3	2	3	8	6	7	6	7	3	2	3	2	3	2	3	2	3	2	3	8	6	7	6	7	3	2	3	2	3	2	3	2	3	2	3	8	6	7	6	7	3	2	3	2	3	2	3	2	3	2	3	8	6	7	
0	1	2	3	2	3	2	3	2	3	2	3	2	5	0	1	0	1	2	3	2	3	2	3	2	3	2	3	2	5	0	1	0	1	2	3	2	3	2	3	2	3	2	3	2	5	0	1	0	1	2	3	2	3	2	3	2	3	2	3	2	5	0	1	
6	7	3	2	3	2	3	2	3	2	3	2	3	8	6	7	6	7	3	2	3	2	3	2	3	2	3	2	3	8	6	7	6	7	3	2	3	2	3	2	3	2	3	2	3	8	6	7	6	7	3	2	3	2	3	2	3	2	3	2	3	8	6	7	
0	1	0	1	0	1	0	1	0	1	0	1	0	1	0	1	0	1	0	1	0	1	0	25	26	1	0	1	0	1	0	1	0	1	0	1	0	1	0	25	26	1	0	1	0	1	0	1	0	1	0	1	0	1	0	25	26	1	0	1	0	1	0	1	
6	7	6	7	6	7	6	7	6	7	6	7	6	7	6	7	6	7	6	7	6	7	6	25	26	7	6	7	6	7	6	7	6	7	6	7	6	7	6	25	26	7	6	7	6	7	6	7	6	7	6	7	6	7	6	25	26	7	6	7	6	7	6	7	
0	1	0	1	0	1	0	1	0	1	0	1	0	1	0	1	0	1	0	1	0	1	0	25	26	1	0	1	0	1	0	1	0	1	0	1	0	1	0	25	26	1	0	1	0	1	0	1	0	1	0	1	0	1	0	25	26	1	0	1	0	1	0	1	
6	7	6	7	6	7	6	7	6	7	6	7	6	7	6	7	6	7	6	7	6	7	6	27	28	7	6	7	6	7	6	7	6	7	6	7	6	7	6	27	28	7	6	7	6	7	6	7	6	7	6	7	6	7	6	27	28	7	6	7	6	7	6	7	
0	1	9	10	10	10	10	10	10	10	10	10	10	11	0	1	0	1	9	10	10	10	10	29	30	10	10	10	10	11	0	1	0	1	9	10	10	10	10	29	30	10	10	10	10	11	0	1	0	1	9	10	10	10	10	29	30	10	10	10	10	11	0	1	
6	7	9	10	10	10	10	10	10	10	10	10	10	12	6	7	6	7	9	10	10	10	10	31	32	10	10	10	10	12	6	7	6	7	9	10	10	10	10	31	32	10	10	10	10	12	6	7	6	7	9	10	10	10	10	31	32	10	10	10	10	12	6	7	
0	1	2	3	2	3	2	3	2	3	2	3	2	5	0	1	0	1	13	13	13	13	13	17	17	13	13	13	13	14	0	1	0	1	2	3	2	3	2	17	17	3	2	3	2	5	0	1	0	1	13	13	13	13	13	17	17	13	13	13	13	14	0	1	
6	7	3	2	3	2	3	2	3	2	3	2	3	8	6	7	6	7	15	15	15	15	15	21	21	15	15	15	15	16	6	7	6	7	3	2	3	2	3	2	3	2	3	2	3	8	6	7	6	7	15	15	15	15	15	21	21	15	15	15	15	16	6	7	
0	1	2	3	2	3	2	3	2	3	2	3	2	5	0	1	0	1	15	15	15	15	15	21	21	15	15	15	15	16	0	1	0	1	2	3	2	3	2	3	2	3	2	3	2	5	0	1	0	1	15	15	15	15	15	21	21	15	15	15	15	16	0	1	
6	7	3	2	3	2	3	2	3	2	3	2	3	8	6	7	6	7	15	15	15	15	15	21	21	15	15	15	15	16	18	19	19	20	3	2	3	2	3	2	3	2	3	2	3	8	18	19	19	20	15	15	15	15	15	21	21	15	15	15	15	16	18	19	
0	1	2	3	2	3	2	3	2	3	2	3	2	5	0	1	0	1	15	15	15	15	21	21	21	21	15	15	15	16	22	19	19	23	2	3	2	3	2	3	2	3	2	3	2	5	22	19	19	23	15	21	21	21	21	21	21	21	21	21	21	16	22	19	
6	7	3	2	3	2	3	2	3	2	3	2	3	8	6	7	6	7	15	15	15	15	21	21	21	21	21	21	21	24	6	7	6	7	17	2	3	2	3	2	3	2	3	2	3	24	6	7	6	7	17	21	21	21	21	21	21	21	21	21	21	24	6	7	
0	1	2	3	2	3	2	3	2	3	2	3	2	5	0	1	0	1	15	15	15	15	21	21	21	21	21	21	21	24	0	1	0	1	17	3	2	3	2	3	2	3	2	3	2	24	0	1	0	1	17	21	21	21	13	13	13	13	21	21	21	24	0	1	
6	7	3	2	3	2	3	2	3	2	3	2	3	8	6	7	6	7	15	15	15	15	21	21	21	21	13	13	13	14	6	7	6	7	3	2	3	2	3	2	3	2	3	2	3	8	6	7	6	7	13	21	21	21	15	15	15	15	21	21	21	14	6	7	
0	1	2	3	2	3	2	3	2	3	2	3	2	5	0	1	0	1	15	15	15	15	15	13	13	13	15	15	15	16	0	1	0	1	2	3	2	3	2	3	2	3	2	3	2	5	0	1	0	1	15	13	13	13	15	15	15	15	13	13	13	16	0	1	
6	7	3	2	3	2	3	2	3	2	3	2	3	8	6	7	6	7	15	15	15	15	15	15	15	15	15	15	15	16	6	7	6	7	3	2	3	2	3	2	3	2	3	2	3	8	6	7	6	7	15	15	15	15	15	15	15	15	15	15	15	16	6	7	
0	1	0	1	0	1	0	25	26	1	0	1	0	1	0	1	0	1	0	1	0	1	0	1	0	1	0	1	0	1	0	1	0	1	0	1	0	1	0	25	26	1	0	1	0	1	0	1	0	1	0	1	0	1	0	1	0	1	0	1	0	1	0	1	
6	7	6	7	6	7	6	25	26	7	6	7	6	7	6	7	6	7	6	7	6	7	6	7	6	7	6	7	6	7	6	7	6	7	6	7	6	7	6	25	26	7	6	7	6	7	6	7	6	7	6	7	6	7	6	7	6	7	6	7	6	7	6	7	
0	1	0	1	0	1	0	25	26	1	0	1	0	1	0	1	0	1	0	1	0	1	0	1	0	1	0	1	0	1	0	1	0	1	0	1	0	1	0	25	26	1	0	1	0	1	0	1	0	1	0	1	0	1	0	1	0	1	0	1	0	1	0	1	
6	7	6	7	6	7	6	27	28	7	6	7	6	7	6	7	6	7	6	7	6	7	6	7	6	7	6	7	6	7	6	7	6	7	6	7	6	7	6	27	28	7	6	7	6	7	6	7	6	7	6	7	6	7	6	7	6	7	6	7	6	7	6	7	
0	1	9	10	10	10	10	29	30	10	10	10	10	11	0	1	0	1	9	10	10	10	10	10	10	10	10	10	10	11	0	1	0	1	9	10	10	10	10	29	30	10	10	10	10	11	0	1	0	1	9	10	10	10	10	10	10	10	10	10	10	11	0	1	
6	7	9	10	10	10	10	31	32	10	10	10	10	12	6	7	6	7	9	10	10	10	10	10	10	10	10	10	10	12	6	7	6	7	9	10	10	10	10	31	32	10	10	10	10	12	6	7	6	7	9	10	10	10	10	10	10	10	10	10	10	12	6	7	
0	1	13	13	13	13	13	17	17	13	13	13	13	14	0	1	0	1	2	3	2	3	2	3	2	3	2	3	2	5	0	1	0	1	13	13	13	13	13	17	17	13	13	13	13	14	0	1	0	1	2	3	2	3	2	3	2	3	2	3	2	5	0	1	
6	7	21	21	21	21	21	21	21	15	15	15	15	16	6	7	6	7	3	2	3	2	3	2	3	2	3	2	3	8	6	7	6	7	15	15	15	15	15	21	21	15	15	15	15	16	6	7	6	7	3	2	3	2	3	2	3	2	3	2	3	8	6	7	
0	1	21	21	21	21	21	21	21	21	21	15	15	16	0	1	0	1	2	3	2	3	2	3	2	3	2	3	2	5	0	1	0	1	15	15	15	15	15	21	21	15	21	21	15	16	0	1	0	1	2	3	2	3	2	3	2	3	2	3	2	5	0	1	
6	7	21	21	13	13	13	13	13	13	21	15	15	16	18	19	19	20	3	2	3	2	3	2	3	2	3	2	3	8	6	7	6	7	15	15	15	15	15	21	21	15	21	21	15	16	6	7	6	7	3	2	3	2	3	2	3	2	3	2	3	8	18	19	
0	1	21	21	15	15	15	15	15	15	21	15	15	16	22	19	19	23	2	3	2	3	2	3	2	3	2	3	2	5	0	1	0	1	21	21	15	15	15	21	21	15	15	15	15	16	0	1	0	1	2	3	2	3	2	3	2	3	2	3	2	5	22	19	
6	7	21	21	21	21	21	21	21	21	21	21	21	24	6	7	6	7	17	2	3	2	3	2	3	2	3	2	3	8	6	7	6	7	21	21	15	15	15	21	21	15	15	15	15	16	6	7	6	7	3	2	3	2	3	2	3	2	3	2	3	24	6	7	
0	1	21	21	21	21	21	21	21	21	21	21	21	24	0	1	0	1	17	3	2	3	2	3	2	3	2	3	2	5	0	1	0	1	15	15	15	15	15	21	21	15	21	21	15	16	0	1	0	1	2	3	2	3	2	3	2	3	2	3	2	24	0	1	
6	7	13	13	13	13	13	13	13	13	13	13	13	14	6	7	6	7	3	2	3	2	3	2	3	2	3	2	3	8	6	7	6	7	15	15	15	15	15	21	21	15	21	21	15	16	6	7	6	7	3	2	3	2	3	2	3	2	3	2	3	8	6	7	
0	1	15	15	15	15	15	15	15	15	15	15	15	16	0	1	0	1	2	3	2	3	2	3	2	3	2	3	2	5	0	1	0	1	15	15	15	15	15	21	21	15	15	15	15	16	0	1	0	1	2	3	2	3	2	3	2	3	2	3	2	5	0	1	
6	7	15	15	15	15	15	15	15	15	15	15	15	16	6	7	6	7	3	2	3	2	3	2	3	2	3	2	3	8	6	7	6	7	15	15	15	15	15	21	21	15	15	15	15	16	6	7	6	7	3	2	3	2	3	2	3	2	3	2	3	8	6	7	
0	1	0	1	0	1	0	1	0	1	0	1	0	1	0	1	0	1	0	1	0	1	0	25	26	1	0	1	0	1	0	1	0	1	0	1	0	1	0	25	26	1	0	1	0	1	0	1	0	1	0	1	0	1	0	25	26	1	0	1	0	1	0	1	
6	7	6	7	6	7	6	7	6	7	6	7	6	7	6	7	6	7	6	7	6	7	6	25	26	7	6	7	6	7	6	7	6	7	6	7	6	7	6	25	26	7	6	7	6	7	6	7	6	7	6	7	6	7	6	25	26	7	6	7	6	7	6	7	
0	1	0	1	0	1	0	1	0	1	0	1	0	1	0	1	0	1	0	1	0	1	0	25	26	1	0	1	0	1	0	1	0	1	0	1	0	1	0	25	26	1	0	1	0	1	0	1	0	1	0	1	0	1	0	25	26	1	0	1	0	1	0	1	
6	7	6	7	6	7	6	7	6	7	6	7	6	7	6	7	6	7	6	7	6	7	6	27	28	7	6	7	6	7	6	7	6	7	6	7	6	7	6	27	28	7	6	7	6	7	6	7	6	7	6	7	6	7	6	27	28	7	6	7	6	7	6	7	
0	1	9	10	10	10	10	10	10	10	10	10	10	11	0	1	0	1	9	10	10	10	10	29	30	10	10	10	10	11	0	1	0	1	9	10	10	10	10	29	30	10	10	10	10	11	0	1	0	1	9	10	10	10	10	29	30	10	10	10	10	11	0	1	
6	7	9	10	10	10	10	10	10	10	10	10	10	12	6	7	6	7	9	10	10	10	10	31	32	10	10	10	10	12	6	7	6	7	9	10	10	10	10	31	32	10	10	10	10	12	6	7	6	7	9	10	10	10	10	31	32	10	10	10	10	12	6	7	
0	1	2	3	2	3	2	3	2	3	2	3	2	5	0	1	0	1	2	3	2	3	2	17	17	3	2	3	2	5	0	1	0	1	2	3	2	4	2	17	17	3	2	3	2	5	0	1	0	1	13	13	13	13	13	17	17	13	13	13	13	14	0	1	
6	7	3	2	3	2	3	2	3	2	3	2	3	8	6	7	6	7	3	2	3	2	3	2	3	2	3	2	3	8	6	7	6	7	3	2	3	2	3	2	3	2	3	2	3	8	6	7	6	7	15	15	15	15	15	21	21	15	15	15	15	16	6	7	
0	1	2	3	2	3	2	3	2	3	2	3	2	5	0	1	0	1	2	3	2	3	2	3	2	3	2	3	2	5	0	1	0	1	2	4	2	3	2	3	2	4	2	4	2	5	0	1	0	1	15	15	15	15	15	21	21	15	15	15	15	16	0	1	
6	7	3	2	3	2	3	2	3	2	3	2	3	8	18	19	19	20	3	2	3	2	3	2	3	2	3	2	3	8	18	19	19	20	3	2	3	2	3	2	3	2	3	2	3	8	18	19	19	20	15	15	15	15	15	21	21	15	15	15	15	16	18	19	
0	1	2	3	2	3	39	40	41	3	2	3	2	5	22	19	19	23	2	3	2	3	2	3	2	3	2	3	2	5	22	19	19	23	2	3	2	4	2	3	2	3	2	3	2	5	22	19	19	23	15	21	21	21	21	21	21	21	21	21	21	16	22	19	
6	7	3	2	3	2	42	43	44	2	3	2	3	24	6	7	6	7	17	2	3	2	3	2	3	2	3	2	3	24	6	7	6	7	17	2	3	2	3	2	3	2	3	2	3	24	6	7	6	7	17	21	21	21	21	21	21	21	21	21	21	24	6	7	
0	1	2	3	2	3	45	46	47	3	2	3	2	24	0	1	0	1	17	3	2	3	2	3	2	3	2	3	2	24	0	1	0	1	17	3	2	3	2	4	2	4	2	3	2	24	0	1	0	1	17	21	21	21	13	13	13	13	21	21	21	24	0	1	
6	7	3	2	3	2	3	2	3	2	3	2	3	8	6	7	6	7	3	2	3	2	3	2	3	2	3	2	3	8	6	7	6	7	3	2	3	2	3	2	3	2	3	2	3	8	6	7	6	7	13	21	21	21	15	15	15	15	21	21	21	14	6	7	
0	1	2	3	2	3	2	3	2	3	2	3	2	5	0	1	0	1	2	3	2	3	2	3	2	3	2	3	2	5	0	1	0	1	2	4	2	3	2	3	2	3	2	4	2	5	0	1	0	1	15	13	13	13	15	15	15	15	13	13	13	16	0	1	
6	7	3	2	3	2	3	2	3	2	3	2	3	8	6	7	6	7	3	2	3	2	3	2	3	2	3	2	3	8	6	7	6	7	3	2	3	2	3	2	3	2	3	2	3	8	6	7	6	7	15	15	15	15	15	15	15	15	15	15	15	16	6	7	
0	1	0	1	0	1	0	1	0	1	0	1	0	1	0	1	0	1	0	1	0	1	0	1	0	1	0	1	0	1	0	1	0	1	0	1	0	1	0	1	0	1	0	1	0	1	0	1	0	1	0	1	0	1	0	1	0	1	0	1	0	1	0	1	
6	7	6	7	6	7	6	7	6	7	6	7	6	7	6	7	6	7	6	7	6	7	6	7	6	7	6	7	6	7	6	7	6	7	6	7	6	7	6	7	6	7	6	7	6	7	6	7	6	7	6	7	6	7	6	7	6	7	6	7	6	7	6	7	
0	1	0	1	0	1	0	1	0	1	0	1	0	1	0	1	0	1	0	1	0	1	0	1	0	1	0	1	0	1	0	1	0	1	0	1	0	1	0	1	0	1	0	1	0	1	0	1	0	1	0	1	0	1	0	1	0	1	0	1	0	1	0	1	
6	7	6	7	6	7	6	7	6	7	6	7	6	7	6	7	6	7	6	7	6	7	6	7	6	7	6	7	6	7	6	7	6	7	6	7	6	7	6	7	6	7	6	7	6	7	6	7	6	7	6	7	6	7	6	7	6	7	6	7	6	7	6	7	
[OBJECTS]
#OHSOPHIA
20	120	1392	20
#AUTORUNPORTAL
# type	l	t	ani_set_id	r	b	targetX	targetY
#1
101	224	1392	0	240	1424	480	1392
101	272	1392	0	288	1424	16	1392
#2
101	480	1392	0	496	1424	736	1392
101	528	1392	0	544	1424	272	1392
#3
101	624	1312	0	656	1328	624	1056
101	624	1248	0	656	1264	624	1504
#4
101	624	1056	0	656	1072	624	800
101	624	992	0	656	1008	624	1248
#5
101	480	880	0	496	912	736	880
101	528	880	0	544	912	272	880
#6
101	368	800	0	400	816	368	544
101	368	736	0	400	752	368	992
#7
101	224	624	0	240	656	480	624
101	272	624	0	288	656	16	624
#8
101	112	544	0	144	560	112	288
101	112	480	0	144	496	112	736
#9
101	224	368	0	240	400	480	368
101	272	368	0	288	400	16	368
#10
101	480	368	0	496	400	736	368
101	528	368	0	544	400	672	368
#11
101	736	368	0	752	400	992	368
101	784	368	0	800	400	928	368
#12
101	880	288	0	912	304	880	32
101	880	224	0	912	240	880	480