[TILE_MAP]
0	1	0	1	0	1	0	1	0	1	0	1	0	1	0	1	
2	3	4	5	4	5	4	5	4	5	4	5	4	6	2	3	
0	1	7	8	8	9	10	8	8	9	9	9	9	11	0	1	
2	3	12	13	14	15	16	13	14	15	17	18	17	19	2	3	
0	1	20	21	22	23	24	21	22	23	25	26	25	27	0	1	
2	3	28	21	22	29	28	21	22	29	26	25	26	30	2	3	
0	1	20	31	32	33	24	31	32	33	25	26	25	27	0	1	
2	3	34	35	36	37	34	35	36	37	26	25	26	30	2	3	
0	1	38	26	25	26	25	26	25	26	25	26	25	27	0	1	
2	3	26	25	26	25	26	25	26	25	26	25	26	30	2	3	
0	1	38	26	25	26	25	26	25	26	25	26	25	27	0	1	
2	3	39	40	41	40	41	40	41	40	26	25	26	30	2	3	
0	1	42	43	43	43	43	43	43	44	45	26	25	27	0	1	
2	3	46	47	47	47	47	47	47	48	49	25	26	30	2	3	
0	1	50	51	52	51	52	51	52	53	54	26	25	27	0	1	
2	3	26	25	26	25	26	25	26	25	26	25	26	30	2	3	
0	1	38	26	25	26	25	26	25	26	25	26	25	27	0	1	
2	3	26	25	26	25	26	25	26	25	26	25	26	30	2	3	
0	1	38	26	25	26	25	26	25	26	25	26	25	27	0	1	
2	3	26	25	26	25	39	40	41	40	41	40	41	55	2	3	
0	1	38	26	25	56	57	43	43	43	43	43	43	58	0	1	
2	3	26	25	26	24	46	47	47	47	47	47	47	59	2	3	
0	1	38	26	25	34	50	51	52	51	52	51	52	60	0	1	
2	3	26	25	26	25	61	62	63	64	26	25	26	30	2	3	
0	1	38	26	25	26	65	66	67	68	25	26	25	27	0	1	
2	3	26	25	26	25	69	70	71	72	26	25	26	30	2	3	
0	1	38	26	25	26	73	74	75	76	25	26	25	27	0	1	
2	3	26	25	26	25	26	25	26	25	26	25	26	30	2	3	
0	1	38	26	25	26	25	26	25	26	25	26	25	27	0	1	
2	3	77	78	77	78	77	78	77	78	77	78	77	79	2	3	
0	1	0	1	0	1	0	1	0	1	0	1	0	1	0	1	
2	3	2	3	2	3	2	3	2	3	2	3	2	3	2	3
[OBJECTS]
#BRICKS
1	32	32	2
#OHSOPHIA
20	112	384	20
#PORTAL
100	112	400	0	128	416	5