[TILE_MAP]
0	1	1	1	1	1	1	1	1	1	1	1	1	1	1	1	1	1	1	1	1	1	1	1	1	1	1	1	1	1	1	1	2	
3	4	4	4	4	4	4	4	4	4	4	4	4	4	4	4	4	4	4	4	4	4	4	4	4	4	4	4	4	4	4	4	5	
6	7	8	7	8	7	8	7	8	7	8	7	8	7	8	7	8	7	8	7	8	7	8	7	8	7	8	7	8	7	8	7	5	
9	10	11	12	13	10	11	14	15	16	11	14	15	16	11	14	15	16	11	12	13	10	11	12	13	10	11	12	13	10	11	12	17	
18	19	20	21	22	20	20	23	24	20	20	23	24	20	20	23	24	20	20	21	22	20	20	21	22	20	20	21	22	20	25	13	26	
9	10	27	28	29	30	28	28	29	30	28	28	29	30	28	28	29	30	28	28	29	30	28	28	29	30	28	28	29	30	31	12	17	
18	19	32	33	34	35	36	37	38	39	36	37	38	39	36	37	38	39	36	37	38	39	33	33	34	35	36	37	38	39	40	13	26	
9	10	32	33	34	35	41	12	13	10	11	12	13	10	11	12	13	10	11	12	13	10	42	33	34	35	41	12	13	10	11	12	17	
18	19	32	33	34	35	43	21	22	20	20	21	22	20	20	21	10	44	20	21	22	20	45	33	34	35	43	21	46	47	25	13	26	
9	10	32	33	34	35	48	28	29	30	28	28	29	30	28	28	49	44	27	28	29	30	50	33	34	35	48	28	51	52	11	12	17	
18	19	53	37	54	55	36	37	38	39	33	33	34	35	33	33	56	44	32	33	34	35	36	37	54	55	36	37	57	58	25	13	26	
9	10	11	12	13	10	11	12	13	10	42	33	34	35	33	33	56	44	32	33	34	35	41	12	13	10	11	12	13	10	11	12	17	
18	19	20	21	22	20	20	21	22	20	45	33	34	35	33	33	56	44	32	33	34	35	43	21	22	20	20	21	22	20	25	13	26	
9	10	27	28	29	30	28	28	29	30	50	33	34	35	33	33	59	60	61	33	34	35	48	28	29	30	28	28	29	30	31	12	17	
18	19	32	33	34	35	36	37	38	39	36	37	54	55	36	37	62	63	64	37	54	55	36	37	38	39	36	37	38	39	40	13	26	
9	10	32	33	34	35	41	14	15	16	11	14	15	16	11	14	15	16	11	14	15	16	11	12	13	10	11	12	13	10	11	12	17	
18	19	32	33	34	35	65	23	24	20	20	23	24	20	20	23	24	20	20	23	24	20	20	21	22	20	20	21	22	20	25	13	26	
9	10	32	33	34	35	66	28	29	30	28	28	29	30	28	28	29	30	28	28	29	30	28	28	29	30	28	28	29	30	31	12	17	
18	19	53	37	54	55	36	37	38	39	36	37	38	39	36	37	38	39	36	37	38	39	33	33	34	35	33	33	34	35	40	13	26	
9	10	11	12	13	10	11	12	13	10	11	12	13	10	11	12	13	10	11	12	13	10	42	33	34	35	33	33	34	35	41	12	17	
18	19	20	21	22	20	20	21	22	20	20	21	22	20	20	21	22	20	20	21	22	20	45	33	34	35	33	33	34	35	40	13	26	
9	10	27	28	29	30	28	28	29	30	28	28	29	30	28	28	29	30	28	28	29	30	50	33	34	35	33	33	34	35	41	12	17	
18	19	32	33	34	35	33	33	34	35	33	33	34	35	33	33	34	35	33	33	34	35	36	37	54	55	33	33	34	35	40	13	26	
9	10	32	33	34	35	33	33	34	35	33	33	34	35	33	33	34	35	33	33	34	35	41	12	13	10	42	33	34	35	41	12	17	
18	19	32	33	34	35	33	33	34	35	33	33	34	35	33	33	34	35	33	33	34	35	43	21	22	20	45	33	34	35	40	13	26	
9	10	32	33	34	35	33	33	34	35	33	33	34	35	33	33	34	35	33	33	34	35	48	28	29	30	50	33	34	35	41	12	17	
18	19	32	33	34	35	36	37	54	55	36	37	54	55	36	37	54	55	36	37	54	55	33	33	34	35	33	33	34	35	40	13	26	
9	10	32	33	34	35	41	12	13	10	11	12	13	10	11	12	13	10	11	12	13	10	42	33	34	35	33	33	34	35	41	12	17	
18	19	32	33	34	35	43	21	22	20	20	21	22	20	20	21	22	20	20	21	22	20	45	33	34	35	33	33	34	35	40	13	26	
9	10	32	33	34	35	48	28	29	30	28	28	29	30	28	28	29	30	28	28	29	30	50	33	34	35	33	33	34	35	41	12	17	
18	19	53	37	54	55	33	33	34	35	33	33	34	35	33	33	34	35	33	33	34	35	33	33	34	35	33	33	34	35	40	13	26	
9	10	11	12	13	10	42	33	34	35	33	33	34	35	33	33	34	35	33	33	34	35	33	33	34	35	33	33	34	35	41	12	17	
18	19	20	21	22	20	45	33	34	35	33	33	34	35	33	33	34	35	33	33	34	35	33	33	34	35	33	33	34	35	40	13	26	
9	10	27	28	29	30	50	33	34	35	33	33	34	35	33	33	34	35	33	33	34	35	33	33	34	35	33	33	34	35	41	12	17	
18	19	53	37	38	39	36	37	54	55	36	37	54	55	33	33	34	35	36	37	54	55	36	37	54	55	33	33	34	35	40	13	26	
9	10	11	12	13	10	11	12	13	10	11	12	13	10	42	33	34	35	41	12	13	10	11	12	13	10	42	33	34	35	41	12	17	
18	19	20	21	22	20	20	21	22	20	20	21	22	20	45	33	34	35	43	21	22	20	20	21	22	20	45	33	34	35	40	13	26	
9	10	27	28	29	30	28	28	29	30	28	28	29	30	50	33	34	35	48	28	29	30	28	28	29	30	50	33	34	35	41	12	17	
18	19	32	33	34	35	33	33	34	35	33	33	34	35	33	33	34	35	33	33	34	35	33	33	34	35	36	37	54	55	40	13	26	
9	10	32	33	34	35	33	33	34	35	33	33	34	35	33	33	34	35	33	33	34	35	33	33	34	35	41	12	13	10	11	12	17	
18	67	32	33	34	35	33	33	34	35	33	33	34	35	33	33	34	35	33	33	34	35	33	33	34	35	43	21	22	20	25	13	26	
9	10	32	33	34	35	33	33	34	35	33	33	34	35	33	33	34	35	33	33	34	35	33	33	34	35	48	28	29	30	31	12	17	
18	19	32	33	34	35	36	37	54	55	36	37	54	55	36	37	54	55	36	37	54	55	36	37	54	55	33	33	34	35	40	13	26	
9	10	32	33	34	35	41	12	13	10	11	12	13	10	11	12	13	10	11	12	13	10	11	12	13	10	42	33	34	35	41	12	17	
18	19	32	33	34	35	43	21	22	20	20	21	22	20	20	21	10	44	20	21	22	20	20	21	22	20	45	33	34	35	40	13	26	
9	10	32	33	34	35	48	28	29	30	28	28	29	30	28	28	49	44	27	28	29	30	28	28	29	30	50	33	34	35	41	12	17	
18	19	53	37	54	55	33	33	34	35	33	33	34	35	33	33	56	44	32	33	34	35	33	33	34	35	36	37	54	55	40	13	26	
9	10	11	12	13	10	42	33	34	35	33	33	34	35	33	33	56	44	32	33	34	35	33	33	34	35	41	12	13	10	11	12	17	
18	19	20	21	22	20	45	33	34	35	33	33	34	35	33	33	56	44	32	33	34	35	33	33	34	35	43	21	22	20	25	13	26	
9	10	27	28	29	30	50	33	34	35	33	33	34	35	33	33	59	60	61	33	34	35	33	33	34	35	48	28	29	30	31	12	17	
18	19	32	33	34	35	36	37	54	55	33	33	34	35	36	37	62	63	64	37	54	55	36	37	54	55	33	33	34	35	40	13	26	
9	10	32	33	34	35	41	12	13	10	42	33	34	35	41	12	13	10	11	12	13	10	11	12	13	10	42	33	34	35	41	12	17	
18	19	32	33	34	35	43	21	22	20	45	33	34	35	43	21	22	20	20	21	10	44	20	21	22	20	45	33	34	35	40	13	26	
9	10	32	33	34	35	48	28	29	30	50	33	34	35	68	28	29	30	28	28	49	44	27	28	29	30	50	33	34	35	41	12	17	
69	19	53	37	54	55	36	37	38	39	36	37	54	55	33	33	34	35	33	33	56	44	32	33	34	35	36	37	54	55	40	13	26	
9	10	11	12	13	10	11	12	13	10	11	12	13	10	42	33	34	35	33	33	56	44	32	33	34	35	41	12	13	10	11	12	17	
18	19	20	21	22	20	20	21	22	20	20	21	22	20	45	33	34	35	33	33	56	44	32	33	34	35	43	21	22	20	25	13	26	
9	10	27	28	29	30	28	28	29	30	28	28	29	30	50	33	34	35	33	33	59	60	61	33	34	35	48	28	29	30	31	12	17	
18	19	32	33	34	35	33	33	34	35	36	37	38	39	36	37	54	55	36	37	62	63	64	37	54	55	33	33	34	35	40	13	26	
9	10	32	33	34	35	33	33	34	35	41	12	13	10	11	12	13	10	11	12	13	10	11	12	13	10	42	33	34	35	41	12	17	
18	19	32	33	34	35	33	33	34	35	43	21	22	20	20	21	10	44	20	21	22	20	20	21	22	20	45	33	34	35	40	13	26	
9	10	32	33	34	35	33	33	34	35	48	28	29	30	28	28	49	44	27	28	29	30	28	28	29	30	50	33	34	35	41	12	17	
18	19	53	37	54	55	36	37	54	55	33	33	34	35	33	33	56	44	32	33	34	35	33	33	34	35	36	37	54	55	40	13	26	
9	10	11	12	13	10	11	14	15	16	42	33	34	35	33	33	56	44	32	33	34	35	33	33	34	35	41	12	13	10	11	12	17	
70	19	20	21	22	20	20	23	24	20	45	33	34	35	33	33	56	44	32	33	34	35	33	33	34	35	43	21	22	20	25	13	26	
71	10	27	28	29	30	28	28	29	30	50	33	34	35	33	33	59	60	61	33	34	35	33	33	34	35	48	28	29	30	31	12	17	
72	19	32	33	34	35	36	37	38	39	36	37	54	55	36	37	62	63	64	37	54	55	36	37	54	55	33	33	34	35	40	13	26	
73	10	32	33	34	35	41	12	13	10	11	12	13	10	11	12	13	10	11	12	13	10	11	12	13	10	42	33	34	35	41	12	17	
74	19	32	33	34	35	43	21	22	20	20	21	22	20	20	21	22	20	20	21	10	44	20	21	22	20	45	33	34	35	40	13	26	
75	10	32	33	34	35	48	28	29	30	28	28	29	30	28	28	29	30	28	28	49	44	27	28	29	30	50	33	34	35	41	12	17	
74	19	53	37	54	55	33	33	34	35	33	33	34	35	33	33	34	35	33	33	56	44	32	33	34	35	36	37	54	55	40	13	26	
75	10	11	12	13	10	42	33	34	35	33	33	34	35	33	33	34	35	33	33	56	44	32	33	34	35	41	12	13	10	11	12	17	
74	19	76	77	78	20	45	33	34	35	33	33	34	35	33	33	34	35	33	33	56	44	32	33	34	35	43	21	46	47	25	13	26	
75	10	79	80	81	28	50	33	34	35	33	33	34	35	33	33	34	35	33	33	59	60	61	33	34	35	48	28	51	52	11	12	17	
82	19	83	84	85	37	36	37	54	55	33	33	34	35	36	37	54	55	36	37	62	63	64	37	54	55	36	37	57	58	25	13	26	
86	10	11	12	13	10	11	12	13	10	42	33	34	35	41	12	13	10	11	12	13	10	11	12	13	10	11	12	13	10	11	12	17	
87	19	20	21	22	20	20	21	22	20	45	33	34	35	43	21	22	20	20	21	22	20	20	21	22	20	20	21	22	20	25	13	26	
88	10	27	28	29	30	28	28	29	30	50	33	34	35	48	28	29	30	28	28	29	30	28	28	29	30	28	28	29	30	31	12	17	
89	19	53	37	38	39	36	37	38	39	36	37	54	55	36	37	38	39	36	37	38	39	36	37	38	39	36	37	38	39	40	13	26	
90	91	92	91	92	91	92	91	92	91	92	91	92	91	92	91	92	91	92	91	92	91	92	91	92	91	92	91	92	91	92	91	93	
[OBJECTS]
# type	x	y	ani_set_id	extra_settings per object type
# type: 0 = Mario , 1 = Brick, 2 = Goomba
#TANK
4	68	1175	4

#BRICKS
1	0	1181	2
1	16	1181	2
1	32	1181	2
1	48	1181	2
1	320	1181	2
1	336	1181	2
1	480	1181	2
1	496	1181	2
1	0	1197	2
1	16	1197	2
1	32	1197	2
1	48	1197	2
1	64	1197	2
1	80	1197	2
1	96	1197	2
1	112	1197	2
1	128	1197	2
1	144	1197	2
1	224	1197	2
1	240	1197	2
1	256	1197	2
1	272	1197	2
1	288	1197	2
1	304	1197	2
1	320	1197	2
1	336	1197	2
1	352	1197	2
1	368	1197	2
1	384	1197	2
1	400	1197	2
1	416	1197	2
1	432	1197	2
1	448	1197	2
1	464	1197	2
1	480	1197	2
1	496	1197	2
1	0	1213	2
1	16	1213	2
1	32	1213	2
1	48	1213	2
1	64	1213	2
1	80	1213	2
1	96	1213	2
1	112	1213	2
1	128	1213	2
1	144	1213	2
1	224	1213	2
1	240	1213	2
1	256	1213	2
1	272	1213	2
1	288	1213	2
1	304	1213	2
1	320	1213	2
1	336	1213	2
1	352	1213	2
1	368	1213	2
1	384	1213	2
1	400	1213	2
1	416	1213	2
1	432	1213	2
1	448	1213	2
1	464	1213	2
1	480	1213	2
1	496	1213	2
1	0	1229	2
1	16	1229	2
1	480	1229	2
1	496	1229	2
1	0	1245	2
1	16	1245	2
1	480	1245	2
1	496	1245	2
1	0	1261	2
1	16	1261	2
1	32	1261	2
1	48	1261	2
1	64	1261	2
1	80	1261	2
1	96	1261	2
1	112	1261	2
1	128	1261	2
1	144	1261	2
1	160	1261	2
1	176	1261	2
1	192	1261	2
1	208	1261	2
1	224	1261	2
1	240	1261	2
1	256	1261	2
1	272	1261	2
1	288	1261	2
1	304	1261	2
1	320	1261	2
1	336	1261	2
1	352	1261	2
1	368	1261	2
1	384	1261	2
1	400	1261	2
1	416	1261	2
1	432	1261	2
1	448	1261	2
1	464	1261	2
1	480	1261	2
1	496	1261	2
1	0	1165	2
1	16	1165	2
1	32	1165	2
1	48	1165	2
1	320	1165	2
1	336	1165	2
1	464	1165	2
1	480	1165	2
1	496	1165	2
1	0	1149	2
1	16	1149	2
1	32	1149	2
1	48	1149	2
1	64	1149	2
1	80	1149	2
1	320	1149	2
1	336	1149	2
1	416	1149	2
1	432	1149	2
1	448	1149	2
1	464	1149	2
1	480	1149	2
1	496	1149	2
1	0	1133	2
1	16	1133	2
1	32	1133	2
1	48	1133	2
1	64	1133	2
1	80	1133	2
1	320	1133	2
1	336	1133	2
1	416	1133	2
1	432	1133	2
1	448	1133	2
1	464	1133	2
1	480	1133	2
1	496	1133	2
1	0	1117	2
1	16	1117	2
1	320	1117	2
1	336	1117	2
1	480	1117	2
1	496	1117	2
1	0	1101	2
1	16	1101	2
1	320	1101	2
1	336	1101	2
1	480	1101	2
1	496	1101	2
1	0	1085	2
1	16	1085	2
1	96	1085	2
1	112	1085	2
1	128	1085	2
1	144	1085	2
1	160	1085	2
1	176	1085	2
1	192	1085	2
1	208	1085	2
1	224	1085	2
1	240	1085	2
1	256	1085	2
1	272	1085	2
1	288	1085	2
1	304	1085	2
1	320	1085	2
1	336	1085	2
1	352	1085	2
1	368	1085	2
1	384	1085	2
1	400	1085	2
1	480	1085	2
1	496	1085	2
1	0	1069	2
1	16	1069	2
1	96	1069	2
1	112	1069	2
1	128	1069	2
1	144	1069	2
1	160	1069	2
1	176	1069	2
1	192	1069	2
1	208	1069	2
1	224	1069	2
1	240	1069	2
1	256	1069	2
1	272	1069	2
1	288	1069	2
1	304	1069	2
1	320	1069	2
1	336	1069	2
1	352	1069	2
1	368	1069	2
1	384	1069	2
1	400	1069	2
1	480	1069	2
1	496	1069	2
1	0	1053	2
1	16	1053	2
1	256	1053	2
1	272	1053	2
1	480	1053	2
1	496	1053	2
1	0	1037	2
1	16	1037	2
1	256	1037	2
1	272	1037	2
1	480	1037	2
1	496	1037	2
1	0	1021	2
1	16	1021	2
1	32	1021	2
1	48	1021	2
1	64	1021	2
1	80	1021	2
1	96	1021	2
1	144	1021	2
1	256	1021	2
1	272	1021	2
1	416	1021	2
1	432	1021	2
1	448	1021	2
1	464	1021	2
1	480	1021	2
1	496	1021	2
1	0	1005	2
1	16	1005	2
1	32	1005	2
1	48	1005	2
1	64	1005	2
1	80	1005	2
1	96	1005	2
1	112	1005	2
1	128	1005	2
1	144	1005	2
1	256	1005	2
1	272	1005	2
1	416	1005	2
1	432	1005	2
1	448	1005	2
1	464	1005	2
1	480	1005	2
1	496	1005	2
1	0	989	2
1	16	989	2
1	256	989	2
1	272	989	2
1	480	989	2
1	496	989	2
1	0	973	2
1	16	973	2
1	256	973	2
1	272	973	2
1	480	973	2
1	496	973	2
1	0	957	2
1	16	957	2
1	160	957	2
1	176	957	2
1	192	957	2
1	208	957	2
1	224	957	2
1	240	957	2
1	256	957	2
1	272	957	2
1	288	957	2
1	304	957	2
1	320	957	2
1	336	957	2
1	352	957	2
1	368	957	2
1	384	957	2
1	400	957	2
1	416	957	2
1	480	957	2
1	496	957	2
1	0	941	2
1	16	941	2
1	160	941	2
1	176	941	2
1	192	941	2
1	208	941	2
1	224	941	2
1	240	941	2
1	256	941	2
1	272	941	2
1	288	941	2
1	304	941	2
1	320	941	2
1	336	941	2
1	352	941	2
1	368	941	2
1	384	941	2
1	400	941	2
1	416	941	2
1	480	941	2
1	496	941	2
1	0	925	2
1	16	925	2
1	320	925	2
1	336	925	2
1	480	925	2
1	496	925	2
1	0	909	2
1	16	909	2
1	320	909	2
1	336	909	2
1	480	909	2
1	496	909	2
1	0	893	2
1	16	893	2
1	32	893	2
1	48	893	2
1	64	893	2
1	80	893	2
1	96	893	2
1	112	893	2
1	128	893	2
1	144	893	2
1	160	893	2
1	176	893	2
1	192	893	2
1	208	893	2
1	320	893	2
1	336	893	2
1	416	893	2
1	432	893	2
1	448	893	2
1	464	893	2
1	480	893	2
1	496	893	2
1	0	877	2
1	16	877	2
1	32	877	2
1	48	877	2
1	64	877	2
1	80	877	2
1	96	877	2
1	112	877	2
1	128	877	2
1	144	877	2
1	160	877	2
1	176	877	2
1	192	877	2
1	208	877	2
1	320	877	2
1	336	877	2
1	416	877	2
1	432	877	2
1	448	877	2
1	464	877	2
1	480	877	2
1	496	877	2
1	0	861	2
1	16	861	2
1	320	861	2
1	336	861	2
1	480	861	2
1	496	861	2
1	0	845	2
1	16	845	2
1	320	845	2
1	336	845	2
1	480	845	2
1	496	845	2
1	0	829	2
1	16	829	2
1	96	829	2
1	112	829	2
1	128	829	2
1	144	829	2
1	224	829	2
1	240	829	2
1	256	829	2
1	272	829	2
1	288	829	2
1	304	829	2
1	320	829	2
1	336	829	2
1	352	829	2
1	368	829	2
1	384	829	2
1	400	829	2
1	480	829	2
1	496	829	2
1	0	813	2
1	16	813	2
1	96	813	2
1	112	813	2
1	128	813	2
1	144	813	2
1	224	813	2
1	240	813	2
1	256	813	2
1	272	813	2
1	288	813	2
1	304	813	2
1	320	813	2
1	336	813	2
1	352	813	2
1	368	813	2
1	384	813	2
1	400	813	2
1	480	813	2
1	496	813	2
1	0	797	2
1	16	797	2
1	256	797	2
1	272	797	2
1	480	797	2
1	496	797	2
1	0	781	2
1	16	781	2
1	256	781	2
1	272	781	2
1	480	781	2
1	496	781	2
1	0	765	2
1	16	765	2
1	32	765	2
1	48	765	2
1	64	765	2
1	80	765	2
1	256	765	2
1	272	765	2
1	416	765	2
1	432	765	2
1	448	765	2
1	464	765	2
1	480	765	2
1	496	765	2
1	0	749	2
1	16	749	2
1	32	749	2
1	48	749	2
1	64	749	2
1	80	749	2
1	256	749	2
1	272	749	2
1	416	749	2
1	432	749	2
1	448	749	2
1	464	749	2
1	480	749	2
1	496	749	2
1	0	733	2
1	16	733	2
1	256	733	2
1	272	733	2
1	480	733	2
1	496	733	2
1	0	717	2
1	16	717	2
1	256	717	2
1	272	717	2
1	480	717	2
1	496	717	2
1	0	701	2
1	16	701	2
1	96	701	2
1	112	701	2
1	128	701	2
1	144	701	2
1	160	701	2
1	176	701	2
1	192	701	2
1	208	701	2
1	224	701	2
1	240	701	2
1	256	701	2
1	272	701	2
1	288	701	2
1	304	701	2
1	320	701	2
1	336	701	2
1	352	701	2
1	368	701	2
1	384	701	2
1	400	701	2
1	480	701	2
1	496	701	2
1	0	685	2
1	16	685	2
1	96	685	2
1	112	685	2
1	128	685	2
1	144	685	2
1	160	685	2
1	176	685	2
1	192	685	2
1	208	685	2
1	224	685	2
1	240	685	2
1	256	685	2
1	272	685	2
1	288	685	2
1	304	685	2
1	320	685	2
1	336	685	2
1	352	685	2
1	368	685	2
1	384	685	2
1	400	685	2
1	480	685	2
1	496	685	2
1	0	669	2
1	16	669	2
1	480	669	2
1	496	669	2
1	0	653	2
1	16	653	2
1	480	653	2
1	496	653	2
1	0	637	2
1	16	637	2
1	416	637	2
1	432	637	2
1	448	637	2
1	464	637	2
1	480	637	2
1	496	637	2
1	0	621	2
1	16	621	2
1	416	621	2
1	432	621	2
1	448	621	2
1	464	621	2
1	480	621	2
1	496	621	2
1	0	605	2
1	16	605	2
1	480	605	2
1	496	605	2
1	0	589	2
1	16	589	2
1	480	589	2
1	496	589	2
1	0	573	2
1	16	573	2
1	32	573	2
1	48	573	2
1	64	573	2
1	80	573	2
1	96	573	2
1	112	573	2
1	128	573	2
1	144	573	2
1	160	573	2
1	176	573	2
1	192	573	2
1	208	573	2
1	288	573	2
1	304	573	2
1	320	573	2
1	336	573	2
1	352	573	2
1	368	573	2
1	384	573	2
1	400	573	2
1	480	573	2
1	496	573	2
1	0	557	2
1	16	557	2
1	32	557	2
1	48	557	2
1	64	557	2
1	80	557	2
1	96	557	2
1	112	557	2
1	128	557	2
1	144	557	2
1	160	557	2
1	176	557	2
1	192	557	2
1	208	557	2
1	288	557	2
1	304	557	2
1	320	557	2
1	336	557	2
1	352	557	2
1	368	557	2
1	384	557	2
1	400	557	2
1	480	557	2
1	496	557	2
1	0	541	2
1	16	541	2
1	480	541	2
1	496	541	2
1	0	525	2
1	16	525	2
1	480	525	2
1	496	525	2
1	0	509	2
1	16	509	2
1	32	509	2
1	48	509	2
1	64	509	2
1	80	509	2
1	480	509	2
1	496	509	2
1	0	493	2
1	16	493	2
1	32	493	2
1	48	493	2
1	64	493	2
1	80	493	2
1	480	493	2
1	496	493	2
1	0	477	2
1	16	477	2
1	480	477	2
1	496	477	2
1	0	461	2
1	16	461	2
1	480	461	2
1	496	461	2
1	0	445	2
1	16	445	2
1	96	445	2
1	112	445	2
1	128	445	2
1	144	445	2
1	160	445	2
1	176	445	2
1	192	445	2
1	208	445	2
1	224	445	2
1	240	445	2
1	256	445	2
1	272	445	2
1	288	445	2
1	304	445	2
1	320	445	2
1	336	445	2
1	480	445	2
1	496	445	2
1	0	429	2
1	16	429	2
1	96	429	2
1	112	429	2
1	128	429	2
1	144	429	2
1	160	429	2
1	176	429	2
1	192	429	2
1	208	429	2
1	224	429	2
1	240	429	2
1	256	429	2
1	272	429	2
1	288	429	2
1	304	429	2
1	320	429	2
1	336	429	2
1	480	429	2
1	496	429	2
1	0	413	2
1	16	413	2
1	480	413	2
1	496	413	2
1	0	397	2
1	16	397	2
1	480	397	2
1	496	397	2
1	0	381	2
1	16	381	2
1	352	381	2
1	368	381	2
1	384	381	2
1	400	381	2
1	480	381	2
1	496	381	2
1	0	365	2
1	16	365	2
1	352	365	2
1	368	365	2
1	384	365	2
1	400	365	2
1	480	365	2
1	496	365	2
1	0	349	2
1	16	349	2
1	480	349	2
1	496	349	2
1	0	333	2
1	16	333	2
1	480	333	2
1	496	333	2
1	0	317	2
1	16	317	2
1	32	317	2
1	48	317	2
1	64	317	2
1	80	317	2
1	96	317	2
1	112	317	2
1	128	317	2
1	144	317	2
1	160	317	2
1	176	317	2
1	192	317	2
1	208	317	2
1	224	317	2
1	240	317	2
1	256	317	2
1	272	317	2
1	288	317	2
1	304	317	2
1	320	317	2
1	336	317	2
1	480	317	2
1	496	317	2
1	0	301	2
1	16	301	2
1	32	301	2
1	48	301	2
1	64	301	2
1	80	301	2
1	96	301	2
1	112	301	2
1	128	301	2
1	144	301	2
1	160	301	2
1	176	301	2
1	192	301	2
1	208	301	2
1	224	301	2
1	240	301	2
1	256	301	2
1	272	301	2
1	288	301	2
1	304	301	2
1	320	301	2
1	336	301	2
1	480	301	2
1	496	301	2
1	0	285	2
1	16	285	2
1	480	285	2
1	496	285	2
1	0	269	2
1	16	269	2
1	480	269	2
1	496	269	2
1	0	253	2
1	16	253	2
1	96	253	2
1	144	253	2
1	160	253	2
1	208	253	2
1	224	253	2
1	272	253	2
1	288	253	2
1	336	253	2
1	352	253	2
1	368	253	2
1	384	253	2
1	400	253	2
1	416	253	2
1	432	253	2
1	448	253	2
1	464	253	2
1	480	253	2
1	496	253	2
1	0	237	2
1	16	237	2
1	96	237	2
1	112	237	2
1	128	237	2
1	144	237	2
1	160	237	2
1	176	237	2
1	192	237	2
1	208	237	2
1	224	237	2
1	240	237	2
1	256	237	2
1	272	237	2
1	288	237	2
1	304	237	2
1	320	237	2
1	336	237	2
1	352	237	2
1	368	237	2
1	384	237	2
1	400	237	2
1	416	237	2
1	432	237	2
1	448	237	2
1	464	237	2
1	480	237	2
1	496	237	2
1	0	221	2
1	16	221	2
1	256	221	2
1	272	221	2
1	480	221	2
1	496	221	2
1	0	205	2
1	16	205	2
1	256	205	2
1	272	205	2
1	480	205	2
1	496	205	2
1	0	189	2
1	16	189	2
1	32	189	2
1	48	189	2
1	64	189	2
1	80	189	2
1	96	189	2
1	112	189	2
1	128	189	2
1	144	189	2
1	256	189	2
1	272	189	2
1	352	189	2
1	368	189	2
1	384	189	2
1	400	189	2
1	416	189	2
1	432	189	2
1	448	189	2
1	464	189	2
1	480	189	2
1	496	189	2
1	0	173	2
1	16	173	2
1	32	173	2
1	48	173	2
1	64	173	2
1	80	173	2
1	96	173	2
1	112	173	2
1	128	173	2
1	144	173	2
1	256	173	2
1	272	173	2
1	352	173	2
1	368	173	2
1	384	173	2
1	400	173	2
1	416	173	2
1	432	173	2
1	448	173	2
1	464	173	2
1	480	173	2
1	496	173	2
1	0	157	2
1	16	157	2
1	256	157	2
1	272	157	2
1	480	157	2
1	496	157	2
1	0	141	2
1	16	141	2
1	256	141	2
1	272	141	2
1	480	141	2
1	496	141	2
1	0	125	2
1	16	125	2
1	96	125	2
1	112	125	2
1	128	125	2
1	144	125	2
1	160	125	2
1	176	125	2
1	192	125	2
1	208	125	2
1	224	125	2
1	240	125	2
1	256	125	2
1	272	125	2
1	288	125	2
1	304	125	2
1	320	125	2
1	336	125	2
1	416	125	2
1	432	125	2
1	448	125	2
1	464	125	2
1	480	125	2
1	496	125	2
1	0	109	2
1	16	109	2
1	256	109	2
1	272	109	2
1	480	109	2
1	496	109	2
1	0	109	2
1	16	109	2
1	96	109	2
1	112	109	2
1	128	109	2
1	144	109	2
1	160	109	2
1	176	109	2
1	192	109	2
1	208	109	2
1	224	109	2
1	240	109	2
1	256	109	2
1	272	109	2
1	288	109	2
1	304	109	2
1	320	109	2
1	336	109	2
1	416	109	2
1	432	109	2
1	448	109	2
1	464	109	2
1	480	109	2
1	496	109	2
1	0	93	2
1	16	93	2
1	480	93	2
1	496	93	2
1	0	77	2
1	16	77	2
1	480	77	2
1	496	77	2
1	0	61	2
1	16	61	2
1	32	61	2
1	48	61	2
1	64	61	2
1	80	61	2
1	96	61	2
1	144	61	2
1	160	61	2
1	208	61	2
1	224	61	2
1	272	61	2
1	288	61	2
1	304	61	2
1	320	61	2
1	336	61	2
1	352	61	2
1	368	61	2
1	384	61	2
1	400	61	2
1	416	61	2
1	432	61	2
1	448	61	2
1	464	61	2
1	480	61	2
1	496	61	2
1	0	45	2
1	16	45	2
1	32	45	2
1	48	45	2
1	64	45	2
1	80	45	2
1	96	45	2
1	112	45	2
1	128	45	2
1	144	45	2
1	160	45	2
1	176	45	2
1	192	45	2
1	208	45	2
1	224	45	2
1	240	45	2
1	256	45	2
1	272	45	2
1	288	45	2
1	304	45	2
1	320	45	2
1	336	45	2
1	352	45	2
1	368	45	2
1	384	45	2
1	400	45	2
1	416	45	2
1	432	45	2
1	448	45	2
1	464	45	2
1	480	45	2
1	496	45	2
1	0	29	2
1	16	29	2
1	32	29	2
1	48	29	2
1	64	29	2
1	80	29	2
1	96	29	2
1	112	29	2
1	128	29	2
1	144	29	2
1	160	29	2
1	176	29	2
1	192	29	2
1	208	29	2
1	224	29	2
1	240	29	2
1	256	29	2
1	272	29	2
1	288	29	2
1	304	29	2
1	320	29	2
1	336	29	2
1	352	29	2
1	368	29	2
1	384	29	2
1	400	29	2
1	416	29	2
1	432	29	2
1	448	29	2
1	464	29	2
1	480	29	2
1	496	29	2
1	0	13	2
1	16	13	2
1	32	13	2
1	48	13	2
1	64	13	2
1	80	13	2
1	96	13	2
1	112	13	2
1	128	13	2
1	144	13	2
1	160	13	2
1	176	13	2
1	192	13	2
1	208	13	2
1	224	13	2
1	240	13	2
1	256	13	2
1	272	13	2
1	288	13	2
1	304	13	2
1	320	13	2
1	336	13	2
1	352	13	2
1	368	13	2
1	384	13	2
1	400	13	2
1	416	13	2
1	432	13	2
1	448	13	2
1	464	13	2
1	480	13	2
1	496	13	2
1	0	0	2
1	16	0	2
1	32	0	2
1	48	0	2
1	64	0	2
1	80	0	2
1	96	0	2
1	112	0	2
1	128	0	2
1	144	0	2
1	160	0	2
1	176	0	2
1	192	0	2
1	208	0	2
1	224	0	2
1	240	0	2
1	256	0	2
1	272	0	2
1	288	0	2
1	304	0	2
1	320	0	2
1	336	0	2
1	352	0	2
1	368	0	2
1	384	0	2
1	400	0	2
1	416	0	2
1	432	0	2
1	448	0	2
1	464	0	2
1	480	0	2
1	496	0	2
#GOLEM
5	300	1171	5
5	224	275	5
5	224	1043	5
5	256	403	5

#BUTTERFLY
7	300	1150	7
7	300	112	7

#BEE
13	304	400	13
13	304	528	13

#WORM
12	240	101	12
12	208	229	12
12	280	934	12
12	388	550	12

#JUMPER
55	240	663	55
55	368	663	55
55	144	135	55

#FLYINGCLAW
62	320	90	62
62	320	282	62
62	320	458	62
62	320	624	62

#STUPID HEAD
63	224	80	63
63	224	720	63
63	224	720	63

# --- SCENE PORTAL ----
# type	l	t	ani_set_id	r	b	scene_id
100	448	144	0	480	176	3
#Flame
14	112	64	2
14	144	64	2
14	192	64	2
14	208	64	2
14	256	64	2
14	272	64	2
14	112	256	2
14	144	256	2
14	192	256	2
14	208	256	2
14	256	256	2
14	272	256	2
14	320	256	2
14	336	256	2
14	112	1005	2
14	128	1005	2