[TILE_MAP]
0	1	2	2	2	2	2	2	2	2	2	2	2	2	2	2	2	2	2	2	2	2	2	2	2	2	2	2	2	2	0	1	0	1	0	1	0	1	0	1	0	1	0	1	0	1	0	1	0	1	0	1	0	1	0	1	0	1	0	1	0	1	0	1	
3	4	2	2	2	2	2	2	2	2	2	2	2	2	2	2	2	2	2	2	2	2	2	2	2	2	2	2	2	2	3	4	3	4	3	4	3	4	3	4	3	4	3	4	3	4	3	4	3	4	3	4	3	4	3	4	3	4	3	4	3	4	3	4	
0	1	2	2	2	2	2	2	2	2	2	2	2	2	2	2	2	2	2	2	2	2	2	2	2	2	2	2	2	2	0	1	0	1	5	6	6	6	6	6	6	6	6	6	6	7	0	1	0	1	5	6	6	6	6	6	6	6	6	6	6	7	0	1	
3	4	2	2	2	2	2	2	2	2	2	2	2	2	2	2	2	2	2	2	2	2	2	2	2	2	2	2	2	2	3	4	3	4	5	6	6	6	6	6	6	6	6	6	6	8	3	4	3	4	5	6	6	6	6	6	6	6	6	6	6	8	3	4	
0	1	2	2	2	2	2	2	2	2	2	2	2	2	2	2	2	2	2	2	2	2	2	2	2	2	2	2	2	2	0	1	0	1	9	9	9	9	9	9	9	9	9	9	9	10	0	1	0	1	11	12	11	12	11	12	11	12	11	12	11	13	0	1	
3	4	2	2	2	2	2	2	2	2	2	2	2	2	2	2	2	2	2	2	2	2	2	2	2	2	2	2	2	2	3	4	3	4	14	14	14	14	15	15	15	15	14	14	14	16	3	4	3	4	12	11	12	11	12	11	12	11	12	11	12	17	3	4	
0	1	2	2	2	2	2	2	2	2	2	2	2	2	2	2	2	2	2	2	2	2	2	2	2	2	2	2	2	2	0	1	0	1	14	14	14	15	15	18	18	15	15	14	14	16	0	1	0	1	11	12	11	12	11	12	11	12	11	12	11	13	0	1	
3	4	2	2	2	2	2	2	2	2	2	2	2	2	2	2	2	2	2	2	2	2	2	2	2	2	2	2	2	2	19	20	20	21	14	14	14	15	22	18	18	22	15	14	14	16	3	4	3	4	12	11	12	11	12	11	12	11	12	11	12	17	3	4	
0	1	2	2	2	2	2	2	2	2	2	2	2	2	2	2	2	2	2	2	2	2	2	2	2	2	2	2	2	2	23	20	20	24	14	14	14	15	22	18	18	22	15	14	14	16	0	1	0	1	11	12	11	12	11	12	11	12	11	12	11	13	0	1	
3	4	2	2	2	2	2	2	2	2	2	2	2	2	2	2	2	2	2	2	2	2	2	2	2	2	2	2	2	2	3	4	3	4	18	18	18	15	15	18	18	15	15	14	14	16	3	4	3	4	12	11	12	11	12	11	12	11	12	11	12	17	3	4	
0	1	2	2	2	2	2	2	2	2	2	2	2	2	2	2	2	2	2	2	2	2	2	2	2	2	2	2	2	2	0	1	0	1	18	18	18	9	15	18	18	15	9	14	14	16	0	1	0	1	11	12	11	12	11	12	11	12	11	12	11	13	0	1	
3	4	2	2	2	2	2	2	2	2	2	2	2	2	2	2	2	2	2	2	2	2	2	2	2	2	2	2	2	2	3	4	3	4	14	18	18	14	9	18	18	9	14	14	14	16	3	4	3	4	12	11	12	11	12	11	12	11	12	11	12	17	3	4	
0	1	2	2	2	2	2	2	2	2	2	2	2	2	2	2	2	2	2	2	2	2	2	2	2	2	2	2	2	2	0	1	0	1	14	18	18	14	14	18	18	14	14	14	14	16	0	1	0	1	11	12	11	12	11	12	11	12	11	12	11	13	0	1	
3	4	2	2	2	2	2	2	2	2	2	2	2	2	2	2	2	2	2	2	2	2	2	2	2	2	2	2	2	2	3	4	3	4	14	18	18	14	14	18	18	14	14	14	14	16	3	4	3	4	12	11	12	11	12	11	12	11	12	11	12	17	3	4	
0	1	0	1	0	1	0	1	0	1	0	1	0	1	0	1	0	1	0	1	0	1	0	1	0	1	0	1	0	1	0	1	0	1	0	1	0	1	0	1	0	1	0	1	0	1	0	1	0	1	0	1	0	1	0	25	26	1	0	1	0	1	0	1	
3	4	3	4	3	4	3	4	3	4	3	4	3	4	3	4	3	4	3	4	3	4	3	4	3	4	3	4	3	4	3	4	3	4	3	4	3	4	3	4	3	4	3	4	3	4	3	4	3	4	3	4	3	4	3	25	26	4	3	4	3	4	3	4	
0	1	0	1	0	1	0	1	0	1	0	1	0	1	0	1	0	1	0	1	0	1	0	1	0	1	0	1	0	1	0	1	0	1	0	1	0	1	0	1	0	1	0	1	0	1	0	1	0	1	0	1	0	1	0	25	26	1	0	1	0	1	0	1	
3	4	3	4	3	4	3	4	3	4	3	4	3	4	3	4	3	4	3	4	3	4	3	4	3	4	3	4	3	4	3	4	3	4	3	4	3	4	3	4	3	4	3	4	3	4	3	4	3	4	3	4	3	4	3	27	28	4	3	4	3	4	3	4	
0	1	5	6	6	6	6	6	6	6	6	6	6	7	0	1	0	1	5	6	6	6	6	6	6	6	6	6	6	7	0	1	0	1	5	6	6	6	6	6	6	6	6	6	6	7	0	1	0	1	5	6	6	6	6	29	30	6	6	6	6	7	0	1	
3	4	5	6	6	6	6	6	6	6	6	6	6	8	3	4	3	4	5	6	6	6	6	6	6	6	6	6	6	8	3	4	3	4	5	6	6	6	6	6	6	6	6	6	6	8	3	4	3	4	5	6	6	6	6	31	32	6	6	6	6	8	3	4	
0	1	9	9	9	9	9	9	9	9	9	9	9	10	0	1	0	1	11	12	11	12	11	12	11	12	11	12	11	13	0	1	0	1	11	12	11	12	11	12	11	12	11	12	11	13	0	1	0	1	9	9	9	9	9	18	18	9	9	9	9	10	0	1	
3	4	14	14	14	14	14	14	14	14	14	14	14	16	3	4	3	4	12	11	12	11	12	11	12	11	12	11	12	17	3	4	3	4	12	11	12	11	12	11	12	11	12	11	12	17	3	4	3	4	14	14	14	14	14	22	22	14	14	14	14	16	3	4	
0	1	14	14	22	22	22	22	22	22	22	22	14	16	0	1	0	1	11	12	11	12	11	12	11	12	11	12	11	13	0	1	0	1	11	12	11	12	11	12	11	12	11	12	11	13	0	1	0	1	14	14	14	14	14	22	22	22	22	22	14	16	0	1	
3	4	14	14	22	22	22	22	22	22	22	22	14	16	19	20	20	21	12	11	12	11	12	11	12	11	12	11	12	17	19	20	20	21	12	11	12	11	12	11	12	11	12	11	12	17	19	20	20	21	14	14	14	14	14	22	22	22	22	22	14	16	3	4	
0	1	14	14	22	22	9	9	9	9	22	22	14	16	23	20	20	24	11	12	11	12	11	12	11	12	11	12	11	13	23	20	20	24	11	12	11	12	11	12	11	12	11	12	11	13	23	20	20	24	14	14	14	14	14	9	9	9	22	22	14	16	0	1	
3	4	14	14	22	22	14	14	14	14	22	22	22	33	3	4	3	4	18	11	12	11	12	11	12	11	12	11	12	33	3	4	3	4	18	11	12	11	12	11	12	11	12	11	12	33	3	4	3	4	18	22	14	14	14	14	14	14	22	22	14	16	3	4	
0	1	14	14	22	22	22	22	22	14	9	22	22	33	0	1	0	1	18	12	11	12	11	12	11	12	11	12	11	33	0	1	0	1	18	12	11	12	11	12	11	12	11	12	11	33	0	1	0	1	18	22	22	22	22	22	22	22	22	22	14	16	0	1	
3	4	14	14	22	22	22	22	22	14	14	9	9	10	3	4	3	4	12	11	12	11	12	11	12	11	12	11	12	17	3	4	3	4	12	11	12	11	12	11	12	11	12	11	12	17	3	4	3	4	9	9	22	22	22	22	22	22	9	9	14	16	3	4	
0	1	14	14	9	9	9	22	22	14	14	14	14	16	0	1	0	1	11	12	11	12	11	12	11	12	11	12	11	13	0	1	0	1	11	12	11	12	11	12	11	12	11	12	11	13	0	1	0	1	14	14	9	9	9	9	9	9	14	14	14	16	0	1	
3	4	14	14	14	14	14	22	22	14	14	14	14	16	3	4	3	4	12	11	12	11	12	11	12	11	12	11	12	17	3	4	3	4	12	11	12	11	12	11	12	11	12	11	12	17	3	4	3	4	14	14	14	14	14	14	14	14	14	14	14	16	3	4	
0	1	0	1	0	1	0	25	26	1	0	1	0	1	0	1	0	1	0	1	0	1	0	1	0	1	0	1	0	1	0	1	0	1	0	1	0	1	0	25	26	1	0	1	0	1	0	1	0	1	0	1	0	1	0	1	0	1	0	1	0	1	0	1	
3	4	3	4	3	4	3	25	26	4	3	4	3	4	3	4	3	4	3	4	3	4	3	4	3	4	3	4	3	4	3	4	3	4	3	4	3	4	3	25	26	4	3	4	3	4	3	4	3	4	3	4	3	4	3	4	3	4	3	4	3	4	3	4	
0	1	0	1	0	1	0	25	26	1	0	1	0	1	0	1	0	1	0	1	0	1	0	1	0	1	0	1	0	1	0	1	0	1	0	1	0	1	0	25	26	1	0	1	0	1	0	1	0	1	0	1	0	1	0	1	0	1	0	1	0	1	0	1	
3	4	3	4	3	4	3	27	28	4	3	4	3	4	3	4	3	4	3	4	3	4	3	4	3	4	3	4	3	4	3	4	3	4	3	4	3	4	3	27	28	4	3	4	3	4	3	4	3	4	3	4	3	4	3	4	3	4	3	4	3	4	3	4	
0	1	5	6	6	6	6	29	30	6	6	6	6	7	0	1	0	1	5	6	6	6	6	6	6	6	6	6	6	7	0	1	0	1	5	6	6	6	6	29	30	6	6	6	6	7	0	1	0	1	5	6	6	6	6	6	6	6	6	6	6	7	0	1	
3	4	5	6	6	6	6	31	32	6	6	6	6	8	3	4	3	4	5	6	6	6	6	6	6	6	6	6	6	8	3	4	3	4	5	6	6	6	6	31	32	6	6	6	6	8	3	4	3	4	5	6	6	6	6	6	6	6	6	6	6	8	3	4	
0	1	11	12	11	12	11	18	18	12	11	12	11	13	0	1	0	1	11	12	11	12	11	12	11	12	11	12	11	13	0	1	0	1	11	12	11	12	11	18	18	12	11	12	11	13	0	1	0	1	11	12	11	12	11	12	11	12	11	12	11	13	0	1	
3	4	12	11	12	11	12	11	12	11	12	11	12	17	3	4	3	4	12	11	12	11	12	11	12	11	12	11	12	17	3	4	3	4	12	11	12	11	12	11	12	11	12	11	12	17	3	4	3	4	12	11	12	11	12	11	12	11	12	11	12	17	3	4	
0	1	11	12	11	12	11	12	11	12	11	12	11	13	0	1	0	1	11	12	11	12	11	12	11	12	11	12	11	13	0	1	0	1	11	12	11	12	11	12	11	12	11	12	11	13	0	1	0	1	11	12	11	12	11	12	11	12	11	12	11	13	0	1	
3	4	12	11	12	11	12	11	12	11	12	11	12	17	19	20	20	21	12	11	12	11	12	11	12	11	12	11	12	17	3	4	3	4	12	11	12	11	12	11	12	11	12	11	12	17	3	4	3	4	12	11	12	11	12	11	12	11	12	11	12	17	3	4	
0	1	11	12	11	12	11	12	11	12	11	12	11	13	23	20	20	24	11	12	11	12	11	12	11	12	11	12	11	13	0	1	0	1	34	35	35	35	35	35	35	35	35	35	35	36	0	1	0	1	11	12	11	12	11	12	11	12	11	12	11	13	0	1	
3	4	12	11	12	11	12	11	12	11	12	11	12	33	3	4	3	4	18	11	12	11	12	11	12	11	12	11	12	17	3	4	3	4	34	35	35	35	35	35	35	35	35	35	35	36	3	4	3	4	12	11	12	11	12	11	12	11	12	11	12	17	3	4	
0	1	11	12	11	12	11	12	11	12	11	12	11	33	0	1	0	1	18	12	11	12	11	12	11	12	11	12	11	13	0	1	0	1	37	38	38	38	38	38	38	38	38	38	38	39	0	1	0	1	11	12	11	12	11	12	11	12	11	12	11	13	0	1	
3	4	12	11	12	11	12	11	12	11	12	11	12	17	3	4	3	4	12	11	12	11	12	11	12	11	12	11	12	17	3	4	3	4	12	11	12	11	12	11	12	11	12	11	12	17	3	4	3	4	12	11	12	11	12	11	12	11	12	11	12	17	3	4	
0	1	11	12	11	12	11	12	11	12	11	12	11	13	0	1	0	1	11	12	11	12	11	12	11	12	11	12	11	13	0	1	0	1	11	12	11	12	11	12	11	12	11	12	11	13	0	1	0	1	11	12	11	12	11	12	11	12	11	12	11	13	0	1	
3	4	12	11	12	11	12	11	12	11	12	11	12	17	3	4	3	4	12	11	12	11	12	11	12	11	12	11	12	17	3	4	3	4	12	11	12	11	12	11	12	11	12	11	12	17	3	4	3	4	12	11	12	11	12	11	12	11	12	11	12	17	3	4	
0	1	0	1	0	1	0	1	0	1	0	1	0	1	0	1	0	1	0	1	0	1	0	25	26	1	0	1	0	1	0	1	0	1	0	1	0	1	0	25	26	1	0	1	0	1	0	1	0	1	0	1	0	1	0	25	26	1	0	1	0	1	0	1	
3	4	3	4	3	4	3	4	3	4	3	4	3	4	3	4	3	4	3	4	3	4	3	25	26	4	3	4	3	4	3	4	3	4	3	4	3	4	3	25	26	4	3	4	3	4	3	4	3	4	3	4	3	4	3	25	26	4	3	4	3	4	3	4	
0	1	0	1	0	1	0	1	0	1	0	1	0	1	0	1	0	1	0	1	0	1	0	25	26	1	0	1	0	1	0	1	0	1	0	1	0	1	0	25	26	1	0	1	0	1	0	1	0	1	0	1	0	1	0	25	26	1	0	1	0	1	0	1	
3	4	3	4	3	4	3	4	3	4	3	4	3	4	3	4	3	4	3	4	3	4	3	27	28	4	3	4	3	4	3	4	3	4	3	4	3	4	3	27	28	4	3	4	3	4	3	4	3	4	3	4	3	4	3	27	28	4	3	4	3	4	3	4	
0	1	5	6	6	6	6	6	6	6	6	6	6	7	0	1	0	1	5	6	6	6	6	29	30	6	6	6	6	7	0	1	0	1	5	6	6	6	6	29	30	6	6	6	6	7	0	1	0	1	5	6	6	6	6	29	30	6	6	6	6	7	0	1	
3	4	5	6	6	6	6	6	6	6	6	6	6	8	3	4	3	4	5	6	6	6	6	31	32	6	6	6	6	8	3	4	3	4	5	6	6	6	6	31	32	6	6	6	6	8	3	4	3	4	5	6	6	6	6	31	32	6	6	6	6	8	3	4	
0	1	11	12	11	12	11	12	11	12	11	12	11	13	0	1	0	1	9	9	9	9	9	18	18	9	9	9	9	10	0	1	0	1	11	12	11	12	11	18	18	12	11	12	11	13	0	1	0	1	9	9	9	9	9	18	18	9	9	9	9	10	0	1	
3	4	12	11	12	11	12	11	12	11	12	11	12	17	3	4	3	4	14	14	14	14	14	22	22	14	14	14	14	16	3	4	3	4	12	11	12	11	12	11	12	11	12	11	12	17	3	4	3	4	14	14	14	14	14	22	22	14	14	14	14	16	3	4	
0	1	11	12	11	12	11	12	11	12	11	12	11	13	0	1	0	1	14	14	14	14	14	22	22	14	14	14	14	16	0	1	0	1	11	12	11	12	11	12	11	12	11	12	11	13	0	1	0	1	14	14	14	14	14	22	22	14	14	14	14	16	0	1	
3	4	12	11	12	11	12	11	12	11	12	11	12	17	3	4	3	4	14	14	14	14	14	22	22	14	14	14	14	16	19	20	20	21	12	11	12	11	12	11	12	11	12	11	12	17	19	20	20	21	14	14	14	14	14	22	22	14	14	14	14	16	19	20	
0	1	11	12	11	12	11	12	11	12	11	12	11	13	0	1	0	1	14	14	14	14	22	22	22	22	14	14	14	16	23	20	20	24	11	12	11	12	11	12	11	12	11	12	11	13	23	20	20	24	14	22	22	22	22	22	22	22	22	22	22	16	23	20	
3	4	12	11	12	11	12	11	12	11	12	11	12	17	3	4	3	4	14	14	14	14	22	22	22	22	22	22	22	33	3	4	3	4	18	11	12	11	12	11	12	11	12	11	12	33	3	4	3	4	18	22	22	22	22	22	22	22	22	22	22	33	3	4	
0	1	11	12	11	12	11	12	11	12	11	12	11	13	0	1	0	1	14	14	14	14	22	22	22	22	22	22	22	33	0	1	0	1	18	12	11	12	11	12	11	12	11	12	11	33	0	1	0	1	18	22	22	22	9	9	9	9	22	22	22	33	0	1	
3	4	12	11	12	11	12	11	12	11	12	11	12	17	3	4	3	4	14	14	14	14	22	22	22	22	9	9	9	10	3	4	3	4	12	11	12	11	12	11	12	11	12	11	12	17	3	4	3	4	9	22	22	22	14	14	14	14	22	22	22	10	3	4	
0	1	11	12	11	12	11	12	11	12	11	12	11	13	0	1	0	1	14	14	14	14	14	9	9	9	14	14	14	16	0	1	0	1	11	12	11	12	11	12	11	12	11	12	11	13	0	1	0	1	14	9	9	9	14	14	14	14	9	9	9	16	0	1	
3	4	12	11	12	11	12	11	12	11	12	11	12	17	3	4	3	4	14	14	14	14	14	14	14	14	14	14	14	16	3	4	3	4	12	11	12	11	12	11	12	11	12	11	12	17	3	4	3	4	14	14	14	14	14	14	14	14	14	14	14	16	3	4	
0	1	0	1	0	1	0	25	26	1	0	1	0	1	0	1	0	1	0	1	0	1	0	1	0	1	0	1	0	1	0	1	0	1	0	1	0	1	0	25	26	1	0	1	0	1	0	1	0	1	0	1	0	1	0	1	0	1	0	1	0	1	0	1	
3	4	3	4	3	4	3	25	26	4	3	4	3	4	3	4	3	4	3	4	3	4	3	4	3	4	3	4	3	4	3	4	3	4	3	4	3	4	3	25	26	4	3	4	3	4	3	4	3	4	3	4	3	4	3	4	3	4	3	4	3	4	3	4	
0	1	0	1	0	1	0	25	26	1	0	1	0	1	0	1	0	1	0	1	0	1	0	1	0	1	0	1	0	1	0	1	0	1	0	1	0	1	0	25	26	1	0	1	0	1	0	1	0	1	0	1	0	1	0	1	0	1	0	1	0	1	0	1	
3	4	3	4	3	4	3	27	28	4	3	4	3	4	3	4	3	4	3	4	3	4	3	4	3	4	3	4	3	4	3	4	3	4	3	4	3	4	3	27	28	4	3	4	3	4	3	4	3	4	3	4	3	4	3	4	3	4	3	4	3	4	3	4	
0	1	5	6	6	6	6	29	30	6	6	6	6	7	0	1	0	1	5	6	6	6	6	6	6	6	6	6	6	7	0	1	0	1	5	6	6	6	6	29	30	6	6	6	6	7	0	1	0	1	5	6	6	6	6	6	6	6	6	6	6	7	0	1	
3	4	5	6	6	6	6	31	32	6	6	6	6	8	3	4	3	4	5	6	6	6	6	6	6	6	6	6	6	8	3	4	3	4	5	6	6	6	6	31	32	6	6	6	6	8	3	4	3	4	5	6	6	6	6	6	6	6	6	6	6	8	3	4	
0	1	9	9	9	9	9	18	18	9	9	9	9	10	0	1	0	1	11	12	11	12	11	12	11	12	11	12	11	13	0	1	0	1	9	9	9	9	9	18	18	9	9	9	9	10	0	1	0	1	11	12	11	12	11	12	11	12	11	12	11	13	0	1	
3	4	22	22	22	22	22	22	22	14	14	14	14	16	3	4	3	4	12	11	12	11	12	11	12	11	12	11	12	17	3	4	3	4	14	14	14	14	14	22	22	14	14	14	14	16	3	4	3	4	12	11	12	11	12	11	12	11	12	11	12	17	3	4	
0	1	22	22	22	22	22	22	22	22	22	14	14	16	0	1	0	1	11	12	11	12	11	12	11	12	11	12	11	13	0	1	0	1	14	14	14	14	14	22	22	14	22	22	14	16	0	1	0	1	11	12	11	12	11	12	11	12	11	12	11	13	0	1	
3	4	22	22	9	9	9	9	9	9	22	14	14	16	19	20	20	21	12	11	12	11	12	11	12	11	12	11	12	17	3	4	3	4	14	14	14	14	14	22	22	14	22	22	14	16	3	4	3	4	12	11	12	11	12	11	12	11	12	11	12	17	19	20	
0	1	22	22	14	14	14	14	14	14	22	14	14	16	23	20	20	24	11	12	11	12	11	12	11	12	11	12	11	13	0	1	0	1	22	22	14	14	14	22	22	14	14	14	14	16	0	1	0	1	11	12	11	12	11	12	11	12	11	12	11	13	23	20	
3	4	22	22	22	22	22	22	22	22	22	22	22	33	3	4	3	4	18	11	12	11	12	11	12	11	12	11	12	17	3	4	3	4	22	22	14	14	14	22	22	14	14	14	14	16	3	4	3	4	12	11	12	11	12	11	12	11	12	11	12	33	3	4	
0	1	22	22	22	22	22	22	22	22	22	22	22	33	0	1	0	1	18	12	11	12	11	12	11	12	11	12	11	13	0	1	0	1	14	14	14	14	14	22	22	14	22	22	14	16	0	1	0	1	11	12	11	12	11	12	11	12	11	12	11	33	0	1	
3	4	9	9	9	9	9	9	9	9	9	9	9	10	3	4	3	4	12	11	12	11	12	11	12	11	12	11	12	17	3	4	3	4	14	14	14	14	14	22	22	14	22	22	14	16	3	4	3	4	12	11	12	11	12	11	12	11	12	11	12	17	3	4	
0	1	14	14	14	14	14	14	14	14	14	14	14	16	0	1	0	1	11	12	11	12	11	12	11	12	11	12	11	13	0	1	0	1	14	14	14	14	14	22	22	14	14	14	14	16	0	1	0	1	11	12	11	12	11	12	11	12	11	12	11	13	0	1	
3	4	14	14	14	14	14	14	14	14	14	14	14	16	3	4	3	4	12	11	12	11	12	11	12	11	12	11	12	17	3	4	3	4	14	14	14	14	14	22	22	14	14	14	14	16	3	4	3	4	12	11	12	11	12	11	12	11	12	11	12	17	3	4	
0	1	0	1	0	1	0	1	0	1	0	1	0	1	0	1	0	1	0	1	0	1	0	25	26	1	0	1	0	1	0	1	0	1	0	1	0	1	0	25	26	1	0	1	0	1	0	1	0	1	0	1	0	1	0	25	26	1	0	1	0	1	0	1	
3	4	3	4	3	4	3	4	3	4	3	4	3	4	3	4	3	4	3	4	3	4	3	25	26	4	3	4	3	4	3	4	3	4	3	4	3	4	3	25	26	4	3	4	3	4	3	4	3	4	3	4	3	4	3	25	26	4	3	4	3	4	3	4	
0	1	0	1	0	1	0	1	0	1	0	1	0	1	0	1	0	1	0	1	0	1	0	25	26	1	0	1	0	1	0	1	0	1	0	1	0	1	0	25	26	1	0	1	0	1	0	1	0	1	0	1	0	1	0	25	26	1	0	1	0	1	0	1	
3	4	3	4	3	4	3	4	3	4	3	4	3	4	3	4	3	4	3	4	3	4	3	27	28	4	3	4	3	4	3	4	3	4	3	4	3	4	3	27	28	4	3	4	3	4	3	4	3	4	3	4	3	4	3	27	28	4	3	4	3	4	3	4	
0	1	5	6	6	6	6	6	6	6	6	6	6	7	0	1	0	1	5	6	6	6	6	29	30	6	6	6	6	7	0	1	0	1	5	6	6	6	6	29	30	6	6	6	6	7	0	1	0	1	5	6	6	6	6	29	30	6	6	6	6	7	0	1	
3	4	5	6	6	6	6	6	6	6	6	6	6	8	3	4	3	4	5	6	6	6	6	31	32	6	6	6	6	8	3	4	3	4	5	6	6	6	6	31	32	6	6	6	6	8	3	4	3	4	5	6	6	6	6	31	32	6	6	6	6	8	3	4	
0	1	11	12	11	12	11	12	11	12	11	12	11	13	0	1	0	1	11	12	11	12	11	18	18	12	11	12	11	13	0	1	0	1	11	12	11	15	11	18	18	12	11	12	11	13	0	1	0	1	9	9	9	9	9	18	18	9	9	9	9	10	0	1	
3	4	12	11	12	11	12	11	12	11	12	11	12	17	3	4	3	4	12	11	12	11	12	11	12	11	12	11	12	17	3	4	3	4	12	11	12	11	12	11	12	11	12	11	12	17	3	4	3	4	14	14	14	14	14	22	22	14	14	14	14	16	3	4	
0	1	11	12	11	12	11	12	11	12	11	12	11	13	0	1	0	1	11	12	11	12	11	12	11	12	11	12	11	13	0	1	0	1	11	15	11	12	11	12	11	15	11	15	11	13	0	1	0	1	14	14	14	14	14	22	22	14	14	14	14	16	0	1	
3	4	12	11	12	11	12	11	12	11	12	11	12	17	19	20	20	21	12	11	12	11	12	11	12	11	12	11	12	17	19	20	20	21	12	11	12	11	12	11	12	11	12	11	12	17	19	20	20	21	14	14	14	14	14	22	22	14	14	14	14	16	19	20	
0	1	11	12	11	12	40	41	42	12	11	12	11	13	23	20	20	24	11	12	11	12	11	12	11	12	11	12	11	13	23	20	20	24	11	12	11	15	11	12	11	12	11	12	11	13	23	20	20	24	14	22	22	22	22	22	22	22	22	22	22	16	23	20	
3	4	12	11	12	11	43	44	45	11	12	11	12	33	3	4	3	4	18	11	12	11	12	11	12	11	12	11	12	33	3	4	3	4	18	11	12	11	12	11	12	11	12	11	12	33	3	4	3	4	18	22	22	22	22	22	22	22	22	22	22	33	3	4	
0	1	11	12	11	12	46	47	48	12	11	12	11	33	0	1	0	1	18	12	11	12	11	12	11	12	11	12	11	33	0	1	0	1	18	12	11	12	11	15	11	15	11	12	11	33	0	1	0	1	18	22	22	22	9	9	9	9	22	22	22	33	0	1	
3	4	12	11	12	11	12	11	12	11	12	11	12	17	3	4	3	4	12	11	12	11	12	11	12	11	12	11	12	17	3	4	3	4	12	11	12	11	12	11	12	11	12	11	12	17	3	4	3	4	9	22	22	22	14	14	14	14	22	22	22	10	3	4	
0	1	11	12	11	12	11	12	11	12	11	12	11	13	0	1	0	1	11	12	11	12	11	12	11	12	11	12	11	13	0	1	0	1	11	15	11	12	11	12	11	12	11	15	11	13	0	1	0	1	14	9	9	9	14	14	14	14	9	9	9	16	0	1	
3	4	12	11	12	11	12	11	12	11	12	11	12	17	3	4	3	4	12	11	12	11	12	11	12	11	12	11	12	17	3	4	3	4	12	11	12	11	12	11	12	11	12	11	12	17	3	4	3	4	14	14	14	14	14	14	14	14	14	14	14	16	3	4	
0	1	0	1	0	1	0	1	0	1	0	1	0	1	0	1	0	1	0	1	0	1	0	1	0	1	0	1	0	1	0	1	0	1	0	1	0	1	0	1	0	1	0	1	0	1	0	1	0	1	0	1	0	1	0	1	0	1	0	1	0	1	0	1	
3	4	3	4	3	4	3	4	3	4	3	4	3	4	3	4	3	4	3	4	3	4	3	4	3	4	3	4	3	4	3	4	3	4	3	4	3	4	3	4	3	4	3	4	3	4	3	4	3	4	3	4	3	4	3	4	3	4	3	4	3	4	3	4	
0	1	0	1	0	1	0	1	0	1	0	1	0	1	0	1	0	1	0	1	0	1	0	1	0	1	0	1	0	1	0	1	0	1	0	1	0	1	0	1	0	1	0	1	0	1	0	1	0	1	0	1	0	1	0	1	0	1	0	1	0	1	0	1	
3	4	3	4	3	4	3	4	3	4	3	4	3	4	3	4	3	4	3	4	3	4	3	4	3	4	3	4	3	4	3	4	3	4	3	4	3	4	3	4	3	4	3	4	3	4	3	4	3	4	3	4	3	4	3	4	3	4	3	4	3	4	3	4	

[OBJECTS]
#OHSOPHIA
20	112	1408	20
#PORTAL
100	112	1424	0	128	1440	8
#AUTORUNPORTAL
# type	l	t	ani_set_id	r	b	targetX	targetY
#1(fixed)
101	224	1424	0	240	1456	480	1424
101	272	1424	0	288	1456	16	1424
#2(fixed)
101	480	1424	0	496	1456	736	1424
101	528	1424	0	544	1456	272	1424
#3
101	624	1312	0	656	1328	624	1056
101	624	1248	0	656	1264	624	1504
#4
101	624	1056	0	656	1072	624	800
101	624	992	0	656	1008	624	1248
#5
101	480	912	0	496	944	736	912
101	528	912	0	544	944	272	912
#6
101	368	800	0	400	816	368	544
101	368	736	0	400	752	368	992
#7
101	224	656	0	240	688	480	656
101	272	656	0	288	688	16	656
#8
101	112	544	0	144	560	112	288
101	112	480	0	144	496	112	736
#9
101	224	400	0	240	432	480	400
101	272	400	0	288	432	16	400
#10
101	480	400	0	496	432	736	400
101	528	400	0	544	432	272	400
#11
101	736	400	0	752	432	992	400
101	784	400	0	800	432	528	400
#12
101	880	288	0	912	304	880	32
101	880	224	0	912	240	880	480


#BRICK
1	16	0	2
1	480	0	2
1	496	0	2
1	512	0	2
1	528	0	2
1	544	0	2
1	560	0	2
1	576	0	2
1	592	0	2
1	608	0	2
1	624	0	2
1	640	0	2
1	656	0	2
1	672	0	2
1	688	0	2
1	704	0	2
1	720	0	2
1	736	0	2
1	752	0	2
1	768	0	2
1	784	0	2
1	800	0	2
1	816	0	2
1	832	0	2
1	848	0	2
1	864	0	2
1	880	0	2
1	896	0	2
1	912	0	2
1	928	0	2
1	944	0	2
1	960	0	2
1	976	0	2
1	992	0	2
1	16	16	2
1	480	16	2
1	496	16	2
1	512	16	2
1	528	16	2
1	544	16	2
1	560	16	2
1	576	16	2
1	592	16	2
1	608	16	2
1	624	16	2
1	640	16	2
1	656	16	2
1	672	16	2
1	688	16	2
1	704	16	2
1	720	16	2
1	736	16	2
1	752	16	2
1	768	16	2
1	784	16	2
1	800	16	2
1	816	16	2
1	832	16	2
1	848	16	2
1	864	16	2
1	880	16	2
1	896	16	2
1	912	16	2
1	928	16	2
1	944	16	2
1	960	16	2
1	976	16	2
1	992	16	2
1	16	32	2
1	480	32	2
1	496	32	2
1	512	32	2
1	528	32	2
1	544	32	2
1	560	32	2
1	576	32	2
1	592	32	2
1	608	32	2
1	624	32	2
1	640	32	2
1	656	32	2
1	672	32	2
1	688	32	2
1	704	32	2
1	720	32	2
1	736	32	2
1	752	32	2
1	768	32	2
1	784	32	2
1	800	32	2
1	816	32	2
1	832	32	2
1	848	32	2
1	864	32	2
1	880	32	2
1	896	32	2
1	912	32	2
1	928	32	2
1	944	32	2
1	960	32	2
1	976	32	2
1	992	32	2
1	16	48	2
1	480	48	2
1	496	48	2
1	512	48	2
1	528	48	2
1	544	48	2
1	560	48	2
1	576	48	2
1	592	48	2
1	608	48	2
1	624	48	2
1	640	48	2
1	656	48	2
1	672	48	2
1	688	48	2
1	704	48	2
1	720	48	2
1	736	48	2
1	752	48	2
1	768	48	2
1	784	48	2
1	800	48	2
1	816	48	2
1	832	48	2
1	848	48	2
1	864	48	2
1	880	48	2
1	896	48	2
1	912	48	2
1	928	48	2
1	944	48	2
1	960	48	2
1	976	48	2
1	992	48	2
1	16	64	2
1	480	64	2
1	496	64	2
1	512	64	2
1	528	64	2
1	736	64	2
1	752	64	2
1	768	64	2
1	784	64	2
1	992	64	2
1	16	80	2
1	480	80	2
1	496	80	2
1	512	80	2
1	528	80	2
1	736	80	2
1	752	80	2
1	768	80	2
1	784	80	2
1	992	80	2
1	16	96	2
1	480	96	2
1	496	96	2
1	512	96	2
1	528	96	2
1	736	96	2
1	752	96	2
1	768	96	2
1	784	96	2
1	992	96	2
1	16	112	2
1	480	112	2
1	496	112	2
1	512	112	2
1	528	112	2
1	736	112	2
1	752	112	2
1	768	112	2
1	784	112	2
1	992	112	2
1	16	128	2
1	480	128	2
1	496	128	2
1	512	128	2
1	528	128	2
1	736	128	2
1	752	128	2
1	768	128	2
1	784	128	2
1	992	128	2
1	16	144	2
1	480	144	2
1	496	144	2
1	512	144	2
1	528	144	2
1	736	144	2
1	752	144	2
1	768	144	2
1	784	144	2
1	992	144	2
1	16	160	2
1	480	160	2
1	496	160	2
1	512	160	2
1	528	160	2
1	736	160	2
1	752	160	2
1	768	160	2
1	784	160	2
1	992	160	2
1	16	176	2
1	480	176	2
1	496	176	2
1	512	176	2
1	528	176	2
1	736	176	2
1	752	176	2
1	768	176	2
1	784	176	2
1	992	176	2
1	16	192	2
1	480	192	2
1	496	192	2
1	512	192	2
1	528	192	2
1	736	192	2
1	752	192	2
1	768	192	2
1	784	192	2
1	992	192	2
1	16	208	2
1	480	208	2
1	496	208	2
1	512	208	2
1	528	208	2
1	736	208	2
1	752	208	2
1	768	208	2
1	784	208	2
1	992	208	2
1	16	224	2
1	32	224	2
1	48	224	2
1	64	224	2
1	80	224	2
1	96	224	2
1	112	224	2
1	128	224	2
1	144	224	2
1	160	224	2
1	176	224	2
1	192	224	2
1	208	224	2
1	224	224	2
1	240	224	2
1	256	224	2
1	272	224	2
1	288	224	2
1	304	224	2
1	320	224	2
1	336	224	2
1	352	224	2
1	368	224	2
1	384	224	2
1	400	224	2
1	416	224	2
1	432	224	2
1	448	224	2
1	464	224	2
1	480	224	2
1	496	224	2
1	512	224	2
1	528	224	2
1	544	224	2
1	560	224	2
1	576	224	2
1	592	224	2
1	608	224	2
1	624	224	2
1	640	224	2
1	656	224	2
1	672	224	2
1	688	224	2
1	704	224	2
1	720	224	2
1	736	224	2
1	752	224	2
1	768	224	2
1	784	224	2
1	800	224	2
1	816	224	2
1	832	224	2
1	848	224	2
1	864	224	2
1	912	224	2
1	928	224	2
1	944	224	2
1	960	224	2
1	976	224	2
1	992	224	2
1	16	240	2
1	32	240	2
1	48	240	2
1	64	240	2
1	80	240	2
1	96	240	2
1	112	240	2
1	128	240	2
1	144	240	2
1	160	240	2
1	176	240	2
1	192	240	2
1	208	240	2
1	224	240	2
1	240	240	2
1	256	240	2
1	272	240	2
1	288	240	2
1	304	240	2
1	320	240	2
1	336	240	2
1	352	240	2
1	368	240	2
1	384	240	2
1	400	240	2
1	416	240	2
1	432	240	2
1	448	240	2
1	464	240	2
1	480	240	2
1	496	240	2
1	512	240	2
1	528	240	2
1	544	240	2
1	560	240	2
1	576	240	2
1	592	240	2
1	608	240	2
1	624	240	2
1	640	240	2
1	656	240	2
1	672	240	2
1	688	240	2
1	704	240	2
1	720	240	2
1	736	240	2
1	752	240	2
1	768	240	2
1	784	240	2
1	800	240	2
1	816	240	2
1	832	240	2
1	848	240	2
1	864	240	2
1	912	240	2
1	928	240	2
1	944	240	2
1	960	240	2
1	976	240	2
1	992	240	2
1	16	256	2
1	32	256	2
1	48	256	2
1	64	256	2
1	80	256	2
1	96	256	2
1	112	256	2
1	128	256	2
1	144	256	2
1	160	256	2
1	176	256	2
1	192	256	2
1	208	256	2
1	224	256	2
1	240	256	2
1	256	256	2
1	272	256	2
1	288	256	2
1	304	256	2
1	320	256	2
1	336	256	2
1	352	256	2
1	368	256	2
1	384	256	2
1	400	256	2
1	416	256	2
1	432	256	2
1	448	256	2
1	464	256	2
1	480	256	2
1	496	256	2
1	512	256	2
1	528	256	2
1	544	256	2
1	560	256	2
1	576	256	2
1	592	256	2
1	608	256	2
1	624	256	2
1	640	256	2
1	656	256	2
1	672	256	2
1	688	256	2
1	704	256	2
1	720	256	2
1	736	256	2
1	752	256	2
1	768	256	2
1	784	256	2
1	800	256	2
1	816	256	2
1	832	256	2
1	848	256	2
1	864	256	2
1	912	256	2
1	928	256	2
1	944	256	2
1	960	256	2
1	976	256	2
1	992	256	2
1	16	272	2
1	32	272	2
1	48	272	2
1	64	272	2
1	80	272	2
1	96	272	2
1	112	272	2
1	128	272	2
1	144	272	2
1	160	272	2
1	176	272	2
1	192	272	2
1	208	272	2
1	224	272	2
1	240	272	2
1	256	272	2
1	272	272	2
1	288	272	2
1	304	272	2
1	320	272	2
1	336	272	2
1	352	272	2
1	368	272	2
1	384	272	2
1	400	272	2
1	416	272	2
1	432	272	2
1	448	272	2
1	464	272	2
1	480	272	2
1	496	272	2
1	512	272	2
1	528	272	2
1	544	272	2
1	560	272	2
1	576	272	2
1	592	272	2
1	608	272	2
1	624	272	2
1	640	272	2
1	656	272	2
1	672	272	2
1	688	272	2
1	704	272	2
1	720	272	2
1	736	272	2
1	752	272	2
1	768	272	2
1	784	272	2
1	800	272	2
1	816	272	2
1	832	272	2
1	848	272	2
1	864	272	2
1	912	272	2
1	928	272	2
1	944	272	2
1	960	272	2
1	976	272	2
1	992	272	2
1	16	288	2
1	32	288	2
1	48	288	2
1	64	288	2
1	80	288	2
1	96	288	2
1	112	288	2
1	128	288	2
1	144	288	2
1	160	288	2
1	176	288	2
1	192	288	2
1	208	288	2
1	224	288	2
1	240	288	2
1	256	288	2
1	272	288	2
1	288	288	2
1	304	288	2
1	320	288	2
1	336	288	2
1	352	288	2
1	368	288	2
1	384	288	2
1	400	288	2
1	416	288	2
1	432	288	2
1	448	288	2
1	464	288	2
1	480	288	2
1	496	288	2
1	512	288	2
1	528	288	2
1	544	288	2
1	560	288	2
1	576	288	2
1	592	288	2
1	608	288	2
1	624	288	2
1	640	288	2
1	656	288	2
1	672	288	2
1	688	288	2
1	704	288	2
1	720	288	2
1	736	288	2
1	752	288	2
1	768	288	2
1	784	288	2
1	800	288	2
1	816	288	2
1	832	288	2
1	848	288	2
1	864	288	2
1	912	288	2
1	928	288	2
1	944	288	2
1	960	288	2
1	976	288	2
1	992	288	2
1	16	304	2
1	32	304	2
1	48	304	2
1	64	304	2
1	80	304	2
1	96	304	2
1	112	304	2
1	128	304	2
1	144	304	2
1	160	304	2
1	176	304	2
1	192	304	2
1	208	304	2
1	224	304	2
1	240	304	2
1	256	304	2
1	272	304	2
1	288	304	2
1	304	304	2
1	320	304	2
1	336	304	2
1	352	304	2
1	368	304	2
1	384	304	2
1	400	304	2
1	416	304	2
1	432	304	2
1	448	304	2
1	464	304	2
1	480	304	2
1	496	304	2
1	512	304	2
1	528	304	2
1	544	304	2
1	560	304	2
1	576	304	2
1	592	304	2
1	608	304	2
1	624	304	2
1	640	304	2
1	656	304	2
1	672	304	2
1	688	304	2
1	704	304	2
1	720	304	2
1	736	304	2
1	752	304	2
1	768	304	2
1	784	304	2
1	800	304	2
1	816	304	2
1	832	304	2
1	848	304	2
1	864	304	2
1	912	304	2
1	928	304	2
1	944	304	2
1	960	304	2
1	976	304	2
1	992	304	2
1	16	320	2
1	224	320	2
1	240	320	2
1	256	320	2
1	272	320	2
1	480	320	2
1	496	320	2
1	512	320	2
1	528	320	2
1	736	320	2
1	752	320	2
1	768	320	2
1	784	320	2
1	992	320	2
1	16	336	2
1	224	336	2
1	240	336	2
1	256	336	2
1	272	336	2
1	480	336	2
1	496	336	2
1	512	336	2
1	528	336	2
1	736	336	2
1	752	336	2
1	768	336	2
1	784	336	2
1	992	336	2
1	16	352	2
1	224	352	2
1	240	352	2
1	256	352	2
1	272	352	2
1	480	352	2
1	496	352	2
1	512	352	2
1	528	352	2
1	736	352	2
1	752	352	2
1	768	352	2
1	784	352	2
1	992	352	2
1	16	368	2
1	224	368	2
1	240	368	2
1	256	368	2
1	272	368	2
1	480	368	2
1	496	368	2
1	512	368	2
1	528	368	2
1	736	368	2
1	752	368	2
1	768	368	2
1	784	368	2
1	992	368	2
1	16	384	2
1	224	384	2
1	240	384	2
1	256	384	2
1	272	384	2
1	480	384	2
1	496	384	2
1	512	384	2
1	528	384	2
1	736	384	2
1	752	384	2
1	768	384	2
1	784	384	2
1	992	384	2
1	16	400	2
1	992	400	2
1	16	416	2
1	992	416	2
1	16	432	2
1	224	432	2
1	240	432	2
1	256	432	2
1	272	432	2
1	480	432	2
1	496	432	2
1	512	432	2
1	528	432	2
1	736	432	2
1	752	432	2
1	768	432	2
1	784	432	2
1	992	432	2
1	16	448	2
1	224	448	2
1	240	448	2
1	256	448	2
1	272	448	2
1	480	448	2
1	496	448	2
1	512	448	2
1	528	448	2
1	736	448	2
1	752	448	2
1	768	448	2
1	784	448	2
1	992	448	2
1	16	464	2
1	224	464	2
1	240	464	2
1	256	464	2
1	272	464	2
1	480	464	2
1	496	464	2
1	512	464	2
1	528	464	2
1	736	464	2
1	752	464	2
1	768	464	2
1	784	464	2
1	992	464	2
1	16	480	2
1	32	480	2
1	48	480	2
1	64	480	2
1	80	480	2
1	96	480	2
1	144	480	2
1	160	480	2
1	176	480	2
1	192	480	2
1	208	480	2
1	224	480	2
1	240	480	2
1	256	480	2
1	272	480	2
1	288	480	2
1	304	480	2
1	320	480	2
1	336	480	2
1	352	480	2
1	368	480	2
1	384	480	2
1	400	480	2
1	416	480	2
1	432	480	2
1	448	480	2
1	464	480	2
1	480	480	2
1	496	480	2
1	512	480	2
1	528	480	2
1	544	480	2
1	560	480	2
1	576	480	2
1	592	480	2
1	608	480	2
1	656	480	2
1	672	480	2
1	688	480	2
1	704	480	2
1	720	480	2
1	736	480	2
1	752	480	2
1	768	480	2
1	784	480	2
1	800	480	2
1	816	480	2
1	832	480	2
1	848	480	2
1	864	480	2
1	880	480	2
1	896	480	2
1	912	480	2
1	928	480	2
1	944	480	2
1	960	480	2
1	976	480	2
1	992	480	2
1	16	496	2
1	32	496	2
1	48	496	2
1	64	496	2
1	80	496	2
1	96	496	2
1	144	496	2
1	160	496	2
1	176	496	2
1	192	496	2
1	208	496	2
1	224	496	2
1	240	496	2
1	256	496	2
1	272	496	2
1	288	496	2
1	304	496	2
1	320	496	2
1	336	496	2
1	352	496	2
1	368	496	2
1	384	496	2
1	400	496	2
1	416	496	2
1	432	496	2
1	448	496	2
1	464	496	2
1	480	496	2
1	496	496	2
1	512	496	2
1	528	496	2
1	544	496	2
1	560	496	2
1	576	496	2
1	592	496	2
1	608	496	2
1	656	496	2
1	672	496	2
1	688	496	2
1	704	496	2
1	720	496	2
1	736	496	2
1	752	496	2
1	768	496	2
1	784	496	2
1	800	496	2
1	816	496	2
1	832	496	2
1	848	496	2
1	864	496	2
1	880	496	2
1	896	496	2
1	912	496	2
1	928	496	2
1	944	496	2
1	960	496	2
1	976	496	2
1	992	496	2
1	16	512	2
1	32	512	2
1	48	512	2
1	64	512	2
1	80	512	2
1	96	512	2
1	144	512	2
1	160	512	2
1	176	512	2
1	192	512	2
1	208	512	2
1	224	512	2
1	240	512	2
1	256	512	2
1	272	512	2
1	288	512	2
1	304	512	2
1	320	512	2
1	336	512	2
1	352	512	2
1	368	512	2
1	384	512	2
1	400	512	2
1	416	512	2
1	432	512	2
1	448	512	2
1	464	512	2
1	480	512	2
1	496	512	2
1	512	512	2
1	528	512	2
1	544	512	2
1	560	512	2
1	576	512	2
1	592	512	2
1	608	512	2
1	656	512	2
1	672	512	2
1	688	512	2
1	704	512	2
1	720	512	2
1	736	512	2
1	752	512	2
1	768	512	2
1	784	512	2
1	800	512	2
1	816	512	2
1	832	512	2
1	848	512	2
1	864	512	2
1	880	512	2
1	896	512	2
1	912	512	2
1	928	512	2
1	944	512	2
1	960	512	2
1	976	512	2
1	992	512	2
1	16	528	2
1	32	528	2
1	48	528	2
1	64	528	2
1	80	528	2
1	96	528	2
1	144	528	2
1	160	528	2
1	176	528	2
1	192	528	2
1	208	528	2
1	224	528	2
1	240	528	2
1	256	528	2
1	272	528	2
1	288	528	2
1	304	528	2
1	320	528	2
1	336	528	2
1	352	528	2
1	368	528	2
1	384	528	2
1	400	528	2
1	416	528	2
1	432	528	2
1	448	528	2
1	464	528	2
1	480	528	2
1	496	528	2
1	512	528	2
1	528	528	2
1	544	528	2
1	560	528	2
1	576	528	2
1	592	528	2
1	608	528	2
1	656	528	2
1	672	528	2
1	688	528	2
1	704	528	2
1	720	528	2
1	736	528	2
1	752	528	2
1	768	528	2
1	784	528	2
1	800	528	2
1	816	528	2
1	832	528	2
1	848	528	2
1	864	528	2
1	880	528	2
1	896	528	2
1	912	528	2
1	928	528	2
1	944	528	2
1	960	528	2
1	976	528	2
1	992	528	2
1	16	544	2
1	32	544	2
1	48	544	2
1	64	544	2
1	80	544	2
1	96	544	2
1	144	544	2
1	160	544	2
1	176	544	2
1	192	544	2
1	208	544	2
1	224	544	2
1	240	544	2
1	256	544	2
1	272	544	2
1	288	544	2
1	304	544	2
1	320	544	2
1	336	544	2
1	352	544	2
1	368	544	2
1	384	544	2
1	400	544	2
1	416	544	2
1	432	544	2
1	448	544	2
1	464	544	2
1	480	544	2
1	496	544	2
1	512	544	2
1	528	544	2
1	544	544	2
1	560	544	2
1	576	544	2
1	592	544	2
1	608	544	2
1	656	544	2
1	672	544	2
1	688	544	2
1	704	544	2
1	720	544	2
1	736	544	2
1	752	544	2
1	768	544	2
1	784	544	2
1	800	544	2
1	816	544	2
1	832	544	2
1	848	544	2
1	864	544	2
1	880	544	2
1	896	544	2
1	912	544	2
1	928	544	2
1	944	544	2
1	960	544	2
1	976	544	2
1	992	544	2
1	16	560	2
1	32	560	2
1	48	560	2
1	64	560	2
1	80	560	2
1	96	560	2
1	144	560	2
1	160	560	2
1	176	560	2
1	192	560	2
1	208	560	2
1	224	560	2
1	240	560	2
1	256	560	2
1	272	560	2
1	288	560	2
1	304	560	2
1	320	560	2
1	336	560	2
1	352	560	2
1	368	560	2
1	384	560	2
1	400	560	2
1	416	560	2
1	432	560	2
1	448	560	2
1	464	560	2
1	480	560	2
1	496	560	2
1	512	560	2
1	528	560	2
1	544	560	2
1	560	560	2
1	576	560	2
1	592	560	2
1	608	560	2
1	656	560	2
1	672	560	2
1	688	560	2
1	704	560	2
1	720	560	2
1	736	560	2
1	752	560	2
1	768	560	2
1	784	560	2
1	800	560	2
1	816	560	2
1	832	560	2
1	848	560	2
1	864	560	2
1	880	560	2
1	896	560	2
1	912	560	2
1	928	560	2
1	944	560	2
1	960	560	2
1	976	560	2
1	992	560	2
1	16	576	2
1	224	576	2
1	240	576	2
1	256	576	2
1	272	576	2
1	480	576	2
1	496	576	2
1	512	576	2
1	528	576	2
1	736	576	2
1	752	576	2
1	768	576	2
1	784	576	2
1	992	576	2
1	16	592	2
1	224	592	2
1	240	592	2
1	256	592	2
1	272	592	2
1	480	592	2
1	496	592	2
1	512	592	2
1	528	592	2
1	736	592	2
1	752	592	2
1	768	592	2
1	784	592	2
1	992	592	2
1	16	608	2
1	224	608	2
1	240	608	2
1	256	608	2
1	272	608	2
1	480	608	2
1	496	608	2
1	512	608	2
1	528	608	2
1	736	608	2
1	752	608	2
1	768	608	2
1	784	608	2
1	992	608	2
1	16	624	2
1	224	624	2
1	240	624	2
1	256	624	2
1	272	624	2
1	480	624	2
1	496	624	2
1	512	624	2
1	528	624	2
1	736	624	2
1	752	624	2
1	768	624	2
1	784	624	2
1	992	640	2
1	16	640	2
1	224	640	2
1	240	640	2
1	256	640	2
1	272	640	2
1	480	640	2
1	496	640	2
1	512	640	2
1	528	640	2
1	736	640	2
1	752	640	2
1	768	640	2
1	784	640	2
1	992	640	2
1	16	656	2
1	480	656	2
1	496	656	2
1	512	656	2
1	528	656	2
1	736	656	2
1	752	656	2
1	768	656	2
1	784	656	2
1	992	656	2
1	16	672	2
1	480	672	2
1	496	672	2
1	512	672	2
1	528	672	2
1	736	672	2
1	752	672	2
1	768	672	2
1	784	672	2
1	992	672	2
1	16	688	2
1	224	688	2
1	240	688	2
1	256	688	2
1	272	688	2
1	480	688	2
1	496	688	2
1	512	688	2
1	528	688	2
1	736	688	2
1	752	688	2
1	768	688	2
1	784	688	2
1	992	688	2
1	16	704	2
1	224	704	2
1	240	704	2
1	256	704	2
1	272	704	2
1	480	704	2
1	496	704	2
1	512	704	2
1	528	704	2
1	736	704	2
1	752	704	2
1	768	704	2
1	784	704	2
1	992	704	2
1	16	720	2
1	224	720	2
1	240	720	2
1	256	720	2
1	272	720	2
1	480	720	2
1	496	720	2
1	512	720	2
1	528	720	2
1	736	720	2
1	752	720	2
1	768	720	2
1	784	720	2
1	992	720	2
1	752	720	2
1	768	720	2
1	784	720	2
1	992	720	2
1	16	736	2
1	32	736	2
1	48	736	2
1	64	736	2
1	80	736	2
1	96	736	2
1	112	736	2
1	128	736	2
1	144	736	2
1	160	736	2
1	176	736	2
1	192	736	2
1	208	736	2
1	224	736	2
1	240	736	2
1	256	736	2
1	272	736	2
1	288	736	2
1	304	736	2
1	320	736	2
1	336	736	2
1	352	736	2
1	400	736	2
1	416	736	2
1	432	736	2
1	448	736	2
1	464	736	2
1	480	736	2
1	496	736	2
1	512	736	2
1	528	736	2
1	544	736	2
1	560	736	2
1	576	736	2
1	592	736	2
1	608	736	2
1	656	736	2
1	672	736	2
1	688	736	2
1	704	736	2
1	720	736	2
1	736	736	2
1	752	736	2
1	768	736	2
1	784	736	2
1	800	736	2
1	816	736	2
1	832	736	2
1	848	736	2
1	864	736	2
1	912	736	2
1	928	736	2
1	944	736	2
1	960	736	2
1	976	736	2
1	992	736	2
1	16	752	2
1	32	752	2
1	48	752	2
1	64	752	2
1	80	752	2
1	96	752	2
1	112	752	2
1	128	752	2
1	144	752	2
1	160	752	2
1	176	752	2
1	192	752	2
1	208	752	2
1	224	752	2
1	240	752	2
1	256	752	2
1	272	752	2
1	288	752	2
1	304	752	2
1	320	752	2
1	336	752	2
1	352	752	2
1	400	752	2
1	416	752	2
1	432	752	2
1	448	752	2
1	464	752	2
1	480	752	2
1	496	752	2
1	512	752	2
1	528	752	2
1	544	752	2
1	560	752	2
1	576	752	2
1	592	752	2
1	608	752	2
1	656	752	2
1	672	752	2
1	688	752	2
1	704	752	2
1	720	752	2
1	736	752	2
1	752	752	2
1	768	752	2
1	784	752	2
1	800	752	2
1	816	752	2
1	832	752	2
1	848	752	2
1	864	752	2
1	912	752	2
1	928	752	2
1	944	752	2
1	960	752	2
1	976	752	2
1	992	752	2
1	16	768	2
1	32	768	2
1	48	768	2
1	64	768	2
1	80	768	2
1	96	768	2
1	112	768	2
1	128	768	2
1	144	768	2
1	160	768	2
1	176	768	2
1	192	768	2
1	208	768	2
1	224	768	2
1	240	768	2
1	256	768	2
1	272	768	2
1	288	768	2
1	304	768	2
1	320	768	2
1	336	768	2
1	352	768	2
1	400	768	2
1	416	768	2
1	432	768	2
1	448	768	2
1	464	768	2
1	480	768	2
1	496	768	2
1	512	768	2
1	528	768	2
1	544	768	2
1	560	768	2
1	576	768	2
1	592	768	2
1	608	768	2
1	656	768	2
1	672	768	2
1	688	768	2
1	704	768	2
1	720	768	2
1	736	768	2
1	752	768	2
1	768	768	2
1	784	768	2
1	800	768	2
1	816	768	2
1	832	768	2
1	848	768	2
1	864	768	2
1	912	768	2
1	928	768	2
1	944	768	2
1	960	768	2
1	976	768	2
1	992	768	2
1	16	784	2
1	32	784	2
1	48	784	2
1	64	784	2
1	80	784	2
1	96	784	2
1	112	784	2
1	128	784	2
1	144	784	2
1	160	784	2
1	176	784	2
1	192	784	2
1	208	784	2
1	224	784	2
1	240	784	2
1	256	784	2
1	272	784	2
1	288	784	2
1	304	784	2
1	320	784	2
1	336	784	2
1	352	784	2
1	400	784	2
1	416	784	2
1	432	784	2
1	448	784	2
1	464	784	2
1	480	784	2
1	496	784	2
1	512	784	2
1	528	784	2
1	544	784	2
1	560	784	2
1	576	784	2
1	592	784	2
1	608	784	2
1	656	784	2
1	672	784	2
1	688	784	2
1	704	784	2
1	720	784	2
1	736	784	2
1	752	784	2
1	768	784	2
1	784	784	2
1	800	784	2
1	816	784	2
1	832	784	2
1	848	784	2
1	864	784	2
1	912	784	2
1	928	784	2
1	944	784	2
1	960	784	2
1	976	784	2
1	992	784	2
1	16	800	2
1	32	800	2
1	48	800	2
1	64	800	2
1	80	800	2
1	96	800	2
1	112	800	2
1	128	800	2
1	144	800	2
1	160	800	2
1	176	800	2
1	192	800	2
1	208	800	2
1	224	800	2
1	240	800	2
1	256	800	2
1	272	800	2
1	288	800	2
1	304	800	2
1	320	800	2
1	336	800	2
1	352	800	2
1	400	800	2
1	416	800	2
1	432	800	2
1	448	800	2
1	464	800	2
1	480	800	2
1	496	800	2
1	512	800	2
1	528	800	2
1	544	800	2
1	560	800	2
1	576	800	2
1	592	800	2
1	608	800	2
1	656	800	2
1	672	800	2
1	688	800	2
1	704	800	2
1	720	800	2
1	736	800	2
1	752	800	2
1	768	800	2
1	784	800	2
1	800	800	2
1	816	800	2
1	832	800	2
1	848	800	2
1	864	800	2
1	912	800	2
1	928	800	2
1	944	800	2
1	960	800	2
1	976	800	2
1	992	800	2
1	16	816	2
1	32	816	2
1	48	816	2
1	64	816	2
1	80	816	2
1	96	816	2
1	112	816	2
1	128	816	2
1	144	816	2
1	160	816	2
1	176	816	2
1	192	816	2
1	208	816	2
1	224	816	2
1	240	816	2
1	256	816	2
1	272	816	2
1	288	816	2
1	304	816	2
1	320	816	2
1	336	816	2
1	352	816	2
1	400	816	2
1	416	816	2
1	432	816	2
1	448	816	2
1	464	816	2
1	480	816	2
1	496	816	2
1	512	816	2
1	528	816	2
1	544	816	2
1	560	816	2
1	576	816	2
1	592	816	2
1	608	816	2
1	656	816	2
1	672	816	2
1	688	816	2
1	704	816	2
1	720	816	2
1	736	816	2
1	752	816	2
1	768	816	2
1	784	816	2
1	800	816	2
1	816	816	2
1	832	816	2
1	848	816	2
1	864	816	2
1	912	816	2
1	928	816	2
1	944	816	2
1	960	816	2
1	976	816	2
1	992	816	2
1	16	1088	2
1	224	1088	2
1	240	1088	2
1	256	1088	2
1	272	1088	2
1	480	1088	2
1	496	1088	2
1	512	1088	2
1	528	1088	2
1	736	1088	2
1	752	1088	2
1	768	1088	2
1	784	1088	2
1	992	1088	2
1	16	1104	2
1	224	1104	2
1	240	1104	2
1	256	1104	2
1	272	1104	2
1	480	1104	2
1	496	1104	2
1	512	1104	2
1	528	1104	2
1	736	1104	2
1	752	1104	2
1	768	1104	2
1	784	1104	2
1	992	1104	2
1	16	1120	2
1	224	1120	2
1	240	1120	2
1	256	1120	2
1	272	1120	2
1	480	1120	2
1	496	1120	2
1	512	1120	2
1	528	1120	2
1	736	1120	2
1	752	1120	2
1	768	1120	2
1	784	1120	2
1	992	1120	2
1	16	1136	2
1	224	1136	2
1	240	1136	2
1	256	1136	2
1	272	1136	2
1	480	1136	2
1	496	1136	2
1	512	1136	2
1	528	1136	2
1	736	1136	2
1	752	1136	2
1	768	1136	2
1	784	1136	2
1	992	1136	2
1	16	1152	2
1	224	1152	2
1	240	1152	2
1	256	1152	2
1	272	1152	2
1	480	1152	2
1	496	1152	2
1	512	1152	2
1	528	1152	2
1	736	1152	2
1	752	1152	2
1	768	1152	2
1	784	1152	2
1	992	1152	2
1	16	1168	2
1	224	1168	2
1	240	1168	2
1	256	1168	2
1	992	1168	2
1	16	1184	2
1	224	1184	2
1	240	1184	2
1	256	1184	2
1	992	1184	2
1	16	1200	2
1	224	1200	2
1	240	1200	2
1	256	1200	2
1	272	1200	2
1	480	1200	2
1	496	1200	2
1	512	1200	2
1	528	1200	2
1	736	1200	2
1	752	1200	2
1	768	1200	2
1	784	1200	2
1	992	1200	2
1	16	1216	2
1	224	1216	2
1	240	1216	2
1	256	1216	2
1	272	1216	2
1	480	1216	2
1	496	1216	2
1	512	1216	2
1	528	1216	2
1	736	1216	2
1	752	1216	2
1	768	1216	2
1	784	1216	2
1	992	1216	2
1	16	1232	2
1	224	1232	2
1	240	1232	2
1	256	1232	2
1	272	1232	2
1	480	1232	2
1	496	1232	2
1	512	1232	2
1	528	1232	2
1	736	1232	2
1	752	1232	2
1	768	1232	2
1	784	1232	2
1	992	1232	2
1	16	1248	2
1	32	1248	2
1	48	1248	2
1	64	1248	2
1	80	1248	2
1	96	1248	2
1	144	1248	2
1	160	1248	2
1	176	1248	2
1	192	1248	2
1	208	1248	2
1	224	1248	2
1	240	1248	2
1	256	1248	2
1	272	1248	2
1	288	1248	2
1	304	1248	2
1	320	1248	2
1	336	1248	2
1	352	1248	2
1	368	1248	2
1	384	1248	2
1	400	1248	2
1	416	1248	2
1	432	1248	2
1	448	1248	2
1	464	1248	2
1	480	1248	2
1	496	1248	2
1	512	1248	2
1	528	1248	2
1	544	1248	2
1	560	1248	2
1	576	1248	2
1	592	1248	2
1	608	1248	2
1	656	1248	2
1	672	1248	2
1	688	1248	2
1	704	1248	2
1	720	1248	2
1	736	1248	2
1	752	1248	2
1	768	1248	2
1	784	1248	2
1	800	1248	2
1	816	1248	2
1	832	1248	2
1	848	1248	2
1	864	1248	2
1	880	1248	2
1	896	1248	2
1	912	1248	2
1	928	1248	2
1	944	1248	2
1	960	1248	2
1	976	1248	2
1	992	1248	2
1	16	1264	2
1	32	1264	2
1	48	1264	2
1	64	1264	2
1	80	1264	2
1	96	1264	2
1	144	1264	2
1	160	1264	2
1	176	1264	2
1	192	1264	2
1	208	1264	2
1	224	1264	2
1	240	1264	2
1	256	1264	2
1	272	1264	2
1	288	1264	2
1	304	1264	2
1	320	1264	2
1	336	1264	2
1	352	1264	2
1	368	1264	2
1	384	1264	2
1	400	1264	2
1	416	1264	2
1	432	1264	2
1	448	1264	2
1	464	1264	2
1	480	1264	2
1	496	1264	2
1	512	1264	2
1	528	1264	2
1	544	1264	2
1	560	1264	2
1	576	1264	2
1	592	1264	2
1	608	1264	2
1	656	1264	2
1	672	1264	2
1	688	1264	2
1	704	1264	2
1	720	1264	2
1	736	1264	2
1	752	1264	2
1	768	1264	2
1	784	1264	2
1	800	1264	2
1	816	1264	2
1	832	1264	2
1	848	1264	2
1	864	1264	2
1	880	1264	2
1	896	1264	2
1	912	1264	2
1	928	1264	2
1	944	1264	2
1	960	1264	2
1	976	1264	2
1	992	1264	2
1	16	1280	2
1	32	1280	2
1	48	1280	2
1	64	1280	2
1	80	1280	2
1	96	1280	2
1	144	1280	2
1	160	1280	2
1	176	1280	2
1	192	1280	2
1	208	1280	2
1	224	1280	2
1	240	1280	2
1	256	1280	2
1	272	1280	2
1	288	1280	2
1	304	1280	2
1	320	1280	2
1	336	1280	2
1	352	1280	2
1	368	1280	2
1	384	1280	2
1	400	1280	2
1	416	1280	2
1	432	1280	2
1	448	1280	2
1	464	1280	2
1	480	1280	2
1	496	1280	2
1	512	1280	2
1	528	1280	2
1	544	1280	2
1	560	1280	2
1	576	1280	2
1	592	1280	2
1	608	1280	2
1	656	1280	2
1	672	1280	2
1	688	1280	2
1	704	1280	2
1	720	1280	2
1	736	1280	2
1	752	1280	2
1	768	1280	2
1	784	1280	2
1	800	1280	2
1	816	1280	2
1	832	1280	2
1	848	1280	2
1	864	1280	2
1	880	1280	2
1	896	1280	2
1	912	1280	2
1	928	1280	2
1	944	1280	2
1	960	1280	2
1	976	1280	2
1	992	1280	2
1	16	1296	2
1	32	1296	2
1	48	1296	2
1	64	1296	2
1	80	1296	2
1	96	1296	2
1	144	1296	2
1	160	1296	2
1	176	1296	2
1	192	1296	2
1	208	1296	2
1	224	1296	2
1	240	1296	2
1	256	1296	2
1	272	1296	2
1	288	1296	2
1	304	1296	2
1	320	1296	2
1	336	1296	2
1	352	1296	2
1	368	1296	2
1	384	1296	2
1	400	1296	2
1	416	1296	2
1	432	1296	2
1	448	1296	2
1	464	1296	2
1	480	1296	2
1	496	1296	2
1	512	1296	2
1	528	1296	2
1	544	1296	2
1	560	1296	2
1	576	1296	2
1	592	1296	2
1	608	1296	2
1	656	1296	2
1	672	1296	2
1	688	1296	2
1	704	1296	2
1	720	1296	2
1	736	1296	2
1	752	1296	2
1	768	1296	2
1	784	1296	2
1	800	1296	2
1	816	1296	2
1	832	1296	2
1	848	1296	2
1	864	1296	2
1	880	1296	2
1	896	1296	2
1	912	1296	2
1	928	1296	2
1	944	1296	2
1	960	1296	2
1	976	1296	2
1	992	1296	2
1	16	1312	2
1	32	1312	2
1	48	1312	2
1	64	1312	2
1	80	1312	2
1	96	1312	2
1	144	1312	2
1	160	1312	2
1	176	1312	2
1	192	1312	2
1	208	1312	2
1	224	1312	2
1	240	1312	2
1	256	1312	2
1	272	1312	2
1	288	1312	2
1	304	1312	2
1	320	1312	2
1	336	1312	2
1	352	1312	2
1	368	1312	2
1	384	1312	2
1	400	1312	2
1	416	1312	2
1	432	1312	2
1	448	1312	2
1	464	1312	2
1	480	1312	2
1	496	1312	2
1	512	1312	2
1	528	1312	2
1	544	1312	2
1	560	1312	2
1	576	1312	2
1	592	1312	2
1	608	1312	2
1	656	1312	2
1	672	1312	2
1	688	1312	2
1	704	1312	2
1	720	1312	2
1	736	1312	2
1	752	1312	2
1	768	1312	2
1	784	1312	2
1	800	1312	2
1	816	1312	2
1	832	1312	2
1	848	1312	2
1	864	1312	2
1	880	1312	2
1	896	1312	2
1	912	1312	2
1	928	1312	2
1	944	1312	2
1	960	1312	2
1	976	1312	2
1	992	1312	2
1	16	1328	2
1	32	1328	2
1	48	1328	2
1	64	1328	2
1	80	1328	2
1	96	1328	2
1	144	1328	2
1	160	1328	2
1	176	1328	2
1	192	1328	2
1	208	1328	2
1	224	1328	2
1	240	1328	2
1	256	1328	2
1	272	1328	2
1	288	1328	2
1	304	1328	2
1	320	1328	2
1	336	1328	2
1	352	1328	2
1	368	1328	2
1	384	1328	2
1	400	1328	2
1	416	1328	2
1	432	1328	2
1	448	1328	2
1	464	1328	2
1	480	1328	2
1	496	1328	2
1	512	1328	2
1	528	1328	2
1	544	1328	2
1	560	1328	2
1	576	1328	2
1	592	1328	2
1	608	1328	2
1	656	1328	2
1	672	1328	2
1	688	1328	2
1	704	1328	2
1	720	1328	2
1	736	1328	2
1	752	1328	2
1	768	1328	2
1	784	1328	2
1	800	1328	2
1	816	1328	2
1	832	1328	2
1	848	1328	2
1	864	1328	2
1	880	1328	2
1	896	1328	2
1	912	1328	2
1	928	1328	2
1	944	1328	2
1	960	1328	2
1	976	1328	2
1	992	1328	2
1	16	1344	2
1	224	1344	2
1	240	1344	2
1	256	1344	2
1	272	1344	2
1	480	1344	2
1	496	1344	2
1	512	1344	2
1	528	1344	2
1	736	1344	2
1	752	1344	2
1	768	1344	2
1	784	1344	2
1	992	1344	2
1	16	1360	2
1	224	1360	2
1	240	1360	2
1	256	1360	2
1	272	1360	2
1	480	1360	2
1	496	1360	2
1	512	1360	2
1	528	1360	2
1	736	1360	2
1	752	1360	2
1	768	1360	2
1	784	1360	2
1	992	1360	2
1	16	1376	2
1	224	1376	2
1	240	1376	2
1	256	1376	2
1	272	1376	2
1	480	1376	2
1	496	1376	2
1	512	1376	2
1	528	1376	2
1	736	1376	2
1	752	1376	2
1	768	1376	2
1	784	1376	2
1	992	1376	2
1	16	1392	2
1	224	1392	2
1	240	1392	2
1	256	1392	2
1	272	1392	2
1	480	1392	2
1	496	1392	2
1	512	1392	2
1	528	1392	2
1	736	1392	2
1	752	1392	2
1	768	1392	2
1	784	1392	2
1	992	1392	2
1	16	1408	2
1	224	1408	2
1	240	1408	2
1	256	1408	2
1	272	1408	2
1	480	1408	2
1	496	1408	2
1	512	1408	2
1	528	1408	2
1	736	1408	2
1	752	1408	2
1	768	1408	2
1	784	1408	2
1	992	1408	2
1	16	1424	2
1	480	1424	2
1	496	1424	2
1	512	1424	2
1	528	1424	2
1	736	1424	2
1	752	1424	2
1	768	1424	2
1	784	1424	2
1	992	1424	2
1	16	1440	2
1	480	1440	2
1	496	1440	2
1	512	1440	2
1	528	1440	2
1	736	1440	2
1	752	1440	2
1	768	1440	2
1	784	1440	2
1	992	1440	2
1	16	1456	2
1	224	1456	2
1	240	1456	2
1	256	1456	2
1	272	1456	2
1	480	1456	2
1	496	1456	2
1	512	1456	2
1	528	1456	2
1	736	1456	2
1	752	1456	2
1	768	1456	2
1	784	1456	2
1	992	1456	2
1	16	1472	2
1	224	1472	2
1	240	1472	2
1	256	1472	2
1	272	1472	2
1	480	1472	2
1	496	1472	2
1	512	1472	2
1	528	1472	2
1	736	1472	2
1	752	1472	2
1	768	1472	2
1	784	1472	2
1	992	1472	2
1	16	1488	2
1	224	1488	2
1	240	1488	2
1	256	1488	2
1	272	1488	2
1	480	1488	2
1	496	1488	2
1	512	1488	2
1	528	1488	2
1	736	1488	2
1	752	1488	2
1	768	1488	2
1	784	1488	2
1	992	1488	2
1	16	1504	2
1	32	1504	2
1	48	1504	2
1	64	1504	2
1	80	1504	2
1	96	1504	2
1	112	1504	2
1	128	1504	2
1	144	1504	2
1	160	1504	2
1	176	1504	2
1	192	1504	2
1	208	1504	2
1	224	1504	2
1	240	1504	2
1	256	1504	2
1	272	1504	2
1	288	1504	2
1	304	1504	2
1	320	1504	2
1	336	1504	2
1	352	1504	2
1	368	1504	2
1	384	1504	2
1	400	1504	2
1	416	1504	2
1	432	1504	2
1	448	1504	2
1	464	1504	2
1	480	1504	2
1	496	1504	2
1	512	1504	2
1	528	1504	2
1	544	1504	2
1	560	1504	2
1	576	1504	2
1	592	1504	2
1	608	1504	2
1	624	1504	2
1	640	1504	2
1	656	1504	2
1	672	1504	2
1	688	1504	2
1	704	1504	2
1	720	1504	2
1	736	1504	2
1	752	1504	2
1	768	1504	2
1	784	1504	2
1	800	1504	2
1	816	1504	2
1	832	1504	2
1	848	1504	2
1	864	1504	2
1	880	1504	2
1	896	1504	2
1	912	1504	2
1	928	1504	2
1	944	1504	2
1	960	1504	2
1	976	1504	2
1	992	1504	2
1	112	1328	2
1	128	1328	2
1	368	1328	2
1	384	1328	2
1	16	832	2
1	224	832	2
1	240	832	2
1	256	832	2
1	272	832	2
1	480	832	2
1	496	832	2
1	512	832	2
1	528	832	2
1	688	832	2
1	736	832	2
1	752	832	2
1	768	832	2
1	784	832	2
1	992	832	2
1	16	848	2
1	224	848	2
1	240	848	2
1	256	848	2
1	272	848	2
1	480	848	2
1	496	848	2
1	512	848	2
1	528	848	2
1	736	848	2
1	752	848	2
1	768	848	2
1	784	848	2
1	992	848	2
1	16	864	2
1	224	864	2
1	240	864	2
1	256	864	2
1	272	864	2
1	480	864	2
1	496	864	2
1	512	864	2
1	528	864	2
1	736	864	2
1	752	864	2
1	768	864	2
1	784	864	2
1	992	864	2
1	16	880	2
1	224	880	2
1	240	880	2
1	256	880	2
1	272	880	2
1	480	880	2
1	496	880	2
1	512	880	2
1	528	880	2
1	736	880	2
1	752	880	2
1	768	880	2
1	784	880	2
1	992	880	2
1	16	896	2
1	224	896	2
1	240	896	2
1	256	896	2
1	272	896	2
1	480	896	2
1	496	896	2
1	512	896	2
1	528	896	2
1	736	896	2
1	752	896	2
1	768	896	2
1	784	896	2
1	992	896	2
1	16	912	2
1	224	912	2
1	240	912	2
1	256	912	2
1	272	912	2
1	992	912	2
1	16	928	2
1	224	928	2
1	240	928	2
1	256	928	2
1	272	928	2
1	992	928	2
1	16	944	2
1	224	944	2
1	240	944	2
1	256	944	2
1	272	944	2
1	480	944	2
1	496	944	2
1	512	944	2
1	528	944	2
1	736	944	2
1	752	944	2
1	768	944	2
1	784	944	2
1	992	944	2
1	16	960	2
1	224	960	2
1	240	960	2
1	256	960	2
1	272	960	2
1	480	960	2
1	496	960	2
1	512	960	2
1	528	960	2
1	736	960	2
1	752	960	2
1	768	960	2
1	784	960	2
1	992	960	2
1	16	976	2
1	224	976	2
1	240	976	2
1	256	976	2
1	272	976	2
1	480	976	2
1	496	976	2
1	512	976	2
1	528	976	2
1	736	976	2
1	752	976	2
1	768	976	2
1	784	976	2
1	992	976	2
1	16	992	2
1	32	992	2
1	48	992	2
1	64	992	2
1	80	992	2
1	96	992	2
1	112	992	2
1	128	992	2
1	144	992	2
1	160	992	2
1	176	992	2
1	192	992	2
1	208	992	2
1	224	992	2
1	240	992	2
1	256	992	2
1	272	992	2
1	288	992	2
1	304	992	2
1	320	992	2
1	336	992	2
1	352	992	2
1	368	992	2
1	384	992	2
1	400	992	2
1	416	992	2
1	432	992	2
1	448	992	2
1	464	992	2
1	480	992	2
1	496	992	2
1	512	992	2
1	528	992	2
1	544	992	2
1	560	992	2
1	576	992	2
1	592	992	2
1	608	992	2
1	624	992	2
1	640	992	2
1	656	992	2
1	672	992	2
1	688	992	2
1	704	992	2
1	720	992	2
1	736	992	2
1	752	992	2
1	768	992	2
1	784	992	2
1	800	992	2
1	816	992	2
1	832	992	2
1	848	992	2
1	864	992	2
1	880	992	2
1	896	992	2
1	912	992	2
1	928	992	2
1	944	992	2
1	960	992	2
1	976	992	2
1	992	992	2
1	528	1168	2
1	528	1184	2
1	736	1168	2
1	736	1184	2
1	544	1056	2
1	560	1056	2
1	576	1056	2
1	592	1056	2
1	608	1056	2
1	656	1056	2
1	672	1056	2
1	688	1056	2
1	704	1056	2
1	720	1056	2
1	544	1072	2
1	560	1072	2
1	576	1072	2
1	592	1072	2
1	608	1072	2
1	656	1072	2
1	672	1072	2
1	688	1072	2
1	704	1072	2
1	720	1072	2
1	624	816	2
1	640	816	2
1	732	912	2
1	748	928	2

#EYE
58	384	1392	58
58	384	1456	58
58	640	1392	58
58	640	1456	58
58	640	880	58
58	640	944	58
58	160	380	58
58	416	380	58
58	352	380	58
58	384	448	58
58	672	380	58
58	608	380	58
58	640	448	58

#QUADCANNON
56	580	1152	56
56	368	896	56
56	128	368	56
56	928	336	56

#BLINK
57	640	1408	57
57	336	608	57
57	432	608	57
57	384	672	57
57	128	640	57

#BOSS
16	180	40	16

#ITEM
64	624	448	11	3
